1741003924479 0.1111111111111111 10
1741003949782 0.2222222222222222 20
1741003977013 0.3333333333333333 30
1741004002398 0.4444444444444444 40
1741004028297 0.5555555555555556 50
1741004042474 0.5555555555555556 50
1741004070588 0.6666666666666666 60
1741004095356 0.7777777777777778 70
1741004121571 0.8888888888888888 80
1741004147570 1.0 90
1741004171702 1.1111111111111112 100
1741004186424 1.1111111111111112 100
1741004217205 1.2222222222222223 110
1741004244019 1.3333333333333333 120
1741004269695 1.4444444444444444 130
1741004294937 1.5555555555555556 140
1741004319024 1.6666666666666665 150
1741004333060 1.6666666666666665 150
1741004364799 1.7777777777777777 160
1741004390128 1.8888888888888888 170
1741004414031 2.0 180
1741004444093 2.111111111111111 190
1741004475412 2.2222222222222223 200
1741004488545 2.2222222222222223 200
1741004520304 2.3333333333333335 210
1741004544968 2.4444444444444446 220
1741004569446 2.5555555555555554 230
1741004594829 2.6666666666666665 240
1741004620402 2.7777777777777777 250
1741004633640 2.7777777777777777 250
1741004664937 2.888888888888889 260
1741004689144 3.0 270
1741004694621 3.0 270
