1741003924479 11.345969200134277 10
1741003949782 8.7042236328125 20
1741003977013 5.326233386993408 30
1741004002398 1.501333236694336 40
1741004028297 0.36389538645744324 50
1741004070588 0.1619413197040558 60
1741004095356 0.05279698967933655 70
1741004121571 0.05096596106886864 80
1741004147570 0.044794563204050064 90
1741004171702 0.0308055616915226 100
1741004217205 0.02931254357099533 110
1741004244019 0.025821857154369354 120
1741004269695 0.02214672416448593 130
1741004294937 0.018177639693021774 140
1741004319024 0.019578123465180397 150
1741004364799 0.016704009845852852 160
1741004390128 0.026014279574155807 170
1741004414031 0.015683941543102264 180
1741004444093 0.015950031578540802 190
1741004475412 0.01837156154215336 200
1741004520304 0.01494474895298481 210
1741004544968 0.010738840326666832 220
1741004569446 0.015757396817207336 230
1741004594829 0.01503086369484663 240
1741004620402 0.010390524752438068 250
1741004664937 0.01794584095478058 260
1741004689144 0.010749667882919312 270
