1741003924479 1e-05 10
1741003949782 2e-05 20
1741003977013 3e-05 30
1741004002398 4e-05 40
1741004028297 5e-05 50
1741004070588 4.772727272727273e-05 60
1741004095356 4.545454545454546e-05 70
1741004121571 4.318181818181819e-05 80
1741004147570 4.0909090909090915e-05 90
1741004171702 3.8636363636363636e-05 100
1741004217205 3.6363636363636364e-05 110
1741004244019 3.409090909090909e-05 120
1741004269695 3.181818181818182e-05 130
1741004294937 2.954545454545455e-05 140
1741004319024 2.7272727272727273e-05 150
1741004364799 2.5e-05 160
1741004390128 2.272727272727273e-05 170
1741004414031 2.0454545454545457e-05 180
1741004444093 1.8181818181818182e-05 190
1741004475412 1.590909090909091e-05 200
1741004520304 1.3636363636363637e-05 210
1741004544968 1.1363636363636365e-05 220
1741004569446 9.090909090909091e-06 230
1741004594829 6.818181818181818e-06 240
1741004620402 4.5454545454545455e-06 250
1741004664937 2.2727272727272728e-06 260
1741004689144 0.0 270
