1741003924479 0.6954 10
1741003949782 0.5504 20
1741003977013 0.2836 30
1741004002398 0.1102 40
1741004028297 0.0731 50
1741004070588 0.0082 60
1741004095356 0.003 70
1741004121571 0.0802 80
1741004147570 0.0019 90
1741004171702 0.0014 100
1741004217205 0.0011 110
1741004244019 0.001 120
1741004269695 0.0009 130
1741004294937 0.0008 140
1741004319024 0.0007 150
1741004364799 0.0007 160
1741004390128 0.0007 170
1741004414031 0.0006 180
1741004444093 0.0006 190
1741004475412 0.0006 200
1741004520304 0.0005 210
1741004544968 0.0005 220
1741004569446 0.0005 230
1741004594829 0.0005 240
1741004620402 0.0005 250
1741004664937 0.0005 260
1741004689144 0.0005 270
