1741006435432 0.1111111111111111 10
1741006468935 0.2222222222222222 20
1741006503901 0.3333333333333333 30
1741006537812 0.4444444444444444 40
1741006571742 0.5555555555555556 50
1741006589847 0.5555555555555556 50
1741006629159 0.6666666666666666 60
1741006661535 0.7777777777777778 70
1741006694865 0.8888888888888888 80
1741006728084 1.0 90
1741006761753 1.1111111111111112 100
1741006779227 1.1111111111111112 100
1741006821815 1.2222222222222223 110
1741006851830 1.3333333333333333 120
1741006884579 1.4444444444444444 130
1741006915822 1.5555555555555556 140
1741006949732 1.6666666666666665 150
1741006967624 1.6666666666666665 150
1741007010688 1.7777777777777777 160
1741007041687 1.8888888888888888 170
1741007074827 2.0 180
1741007107387 2.111111111111111 190
1741007140238 2.2222222222222223 200
1741007158307 2.2222222222222223 200
1741007196327 2.3333333333333335 210
1741007231172 2.4444444444444446 220
1741007264750 2.5555555555555554 230
1741007299072 2.6666666666666665 240
1741007332266 2.7777777777777777 250
1741007350317 2.7777777777777777 250
1741007390821 2.888888888888889 260
1741007423145 3.0 270
1741007432150 3.0 270
