1741006435432 14.076889991760254 10
1741006468935 11.940573692321777 20
1741006503901 5.465769290924072 30
1741006537812 1.682492733001709 40
1741006571742 0.2890017032623291 50
1741006629159 0.13633407652378082 60
1741006661535 0.04075361788272858 70
1741006694865 0.02776792272925377 80
1741006728084 0.02367258444428444 90
1741006761753 0.02004423178732395 100
1741006821815 0.01588781177997589 110
1741006851830 0.018145956099033356 120
1741006884579 0.023741723969578743 130
1741006915822 0.017601678147912025 140
1741006949732 0.01926603727042675 150
1741007010688 0.015010260976850986 160
1741007041687 0.028403541073203087 170
1741007074827 0.011826014146208763 180
1741007107387 0.017897726967930794 190
1741007140238 0.01795864850282669 200
1741007196327 0.014377583749592304 210
1741007231172 0.005560401361435652 220
1741007264750 0.015418416820466518 230
1741007299072 0.015405410900712013 240
1741007332266 0.007809478789567947 250
1741007390821 0.0229131318628788 260
1741007423145 0.009659219533205032 270
