1741006435432 1e-05 10
1741006468935 2e-05 20
1741006503901 3e-05 30
1741006537812 4e-05 40
1741006571742 5e-05 50
1741006629159 4.772727272727273e-05 60
1741006661535 4.545454545454546e-05 70
1741006694865 4.318181818181819e-05 80
1741006728084 4.0909090909090915e-05 90
1741006761753 3.8636363636363636e-05 100
1741006821815 3.6363636363636364e-05 110
1741006851830 3.409090909090909e-05 120
1741006884579 3.181818181818182e-05 130
1741006915822 2.954545454545455e-05 140
1741006949732 2.7272727272727273e-05 150
1741007010688 2.5e-05 160
1741007041687 2.272727272727273e-05 170
1741007074827 2.0454545454545457e-05 180
1741007107387 1.8181818181818182e-05 190
1741007140238 1.590909090909091e-05 200
1741007196327 1.3636363636363637e-05 210
1741007231172 1.1363636363636365e-05 220
1741007264750 9.090909090909091e-06 230
1741007299072 6.818181818181818e-06 240
1741007332266 4.5454545454545455e-06 250
1741007390821 2.2727272727272728e-06 260
1741007423145 0.0 270
