1741006435432 0.7444 10
1741006468935 0.5848 20
1741006503901 0.3107 30
1741006537812 0.1384 40
1741006571742 0.03 50
1741006629159 0.006 60
1741006661535 0.0023 70
1741006694865 0.0014 80
1741006728084 0.001 90
1741006761753 0.0008 100
1741006821815 0.0007 110
1741006851830 0.0872 120
1741006884579 0.0009 130
1741006915822 0.0008 140
1741006949732 0.0007 150
1741007010688 0.0006 160
1741007041687 0.0006 170
1741007074827 0.0005 180
1741007107387 0.0005 190
1741007140238 0.0005 200
1741007196327 0.0005 210
1741007231172 0.0005 220
1741007264750 0.0004 230
1741007299072 0.0917 240
1741007332266 0.0004 250
1741007390821 0.0005 260
1741007423145 0.0005 270
