1741739976083 0.09090909090909091 20
1741742750568 0.18181818181818182 40
1741745637989 0.22727272727272727 50
1741745733983 0.2727272727272727 60
1741745918022 0.36363636363636365 80
1741747516494 0.45454545454545453 100
1741747655376 0.45454545454545453 100
1741748601160 0.5454545454545454 120
1741748784142 0.6363636363636364 140
1741749017576 0.6818181818181818 150
1741749310321 0.7272727272727273 160
1741749526355 0.8181818181818182 180
1741749710127 0.9090909090909091 200
1741749849177 0.9090909090909091 200
1741750218845 1.0 220
1741750401808 1.0909090909090908 240
1741750884771 1.1363636363636362 250
1741750979722 1.1818181818181819 260
1741761740446 1.2727272727272727 280
1741761921050 1.3636363636363638 300
1741762052915 1.3636363636363638 300
1741767781977 1.4545454545454546 320
1741767962363 1.5454545454545454 340
1741780328801 1.5909090909090908 350
1741780423000 1.6363636363636362 360
1741780646182 1.7272727272727273 380
1741780832110 1.8181818181818183 400
1741780967567 1.8181818181818183 400
1741780979541 1.8181818181818183 400
