1741739976083 6.066235542297363 20
1741742750568 12.351848602294922 40
1741745733983 0.09038173407316208 60
1741745918022 0.039055921137332916 80
1741747516494 0.04367636889219284 100
1741748601160 0.01403997465968132 120
1741748784142 0.013483278453350067 140
1741749310321 0.010481534525752068 160
1741749526355 0.009739293716847897 180
1741749710127 0.007209328934550285 200
1741750218845 0.005898234900087118 220
1741750401808 0.00522418599575758 240
1741750979722 0.0047467900440096855 260
1741761740446 0.004498437978327274 280
1741761921050 0.00527942692860961 300
1741767781977 0.004001282155513763 320
1741767962363 0.003556842217221856 340
1741780423000 0.0029765514191240072 360
1741780646182 44.69816207885742 380
1741780832110 0.05313114821910858 400
