1741739976083 2e-05 20
1741742750568 4e-05 40
1741745733983 4.918032786885246e-05 60
1741745918022 4.754098360655738e-05 80
1741747516494 4.59016393442623e-05 100
1741748601160 4.426229508196721e-05 120
1741748784142 4.262295081967213e-05 140
1741749310321 4.098360655737705e-05 160
1741749526355 3.934426229508197e-05 180
1741749710127 3.7704918032786885e-05 200
1741750218845 3.6065573770491806e-05 220
1741750401808 3.442622950819672e-05 240
1741750979722 3.2786885245901635e-05 260
1741761740446 3.114754098360656e-05 280
1741761921050 2.9508196721311478e-05 300
1741767781977 2.7868852459016392e-05 320
1741767962363 2.6229508196721314e-05 340
1741780423000 2.459016393442623e-05 360
1741780646182 2.295081967213115e-05 380
1741780832110 2.1311475409836064e-05 400
