1741798825792 0.091324200913242 20
1741799010551 0.182648401826484 40
1741799244078 0.228310502283105 50
1741799340128 0.273972602739726 60
1741799526228 0.365296803652968 80
1741799711997 0.45662100456621 100
1741799851547 0.45662100456621 100
1741800040848 0.547945205479452 120
1741800225178 0.639269406392694 140
1741800457699 0.684931506849315 150
1741800558212 0.730593607305936 160
1741800742344 0.821917808219178 180
1741800927327 0.91324200913242 200
1741801066250 0.91324200913242 200
1741801253762 1.004566210045662 220
1741801439321 1.095890410958904 240
1741801674972 1.1415525114155252 250
1741801771256 1.187214611872146 260
1741801962332 1.278538812785388 280
1741802158118 1.36986301369863 300
1741802298200 1.36986301369863 300
1741802494367 1.461187214611872 320
1741802683064 1.5525114155251143 340
1741802923017 1.5981735159817352 350
1741803022305 1.643835616438356 360
1741803209311 1.7351598173515983 380
1741803401036 1.82648401826484 400
1741803541492 1.82648401826484 400
1741803731976 1.9178082191780823 420
1741803913955 2.009132420091324 440
1741804148357 2.0547945205479454 450
1741804246034 2.1004566210045663 460
1741804435354 2.191780821917808 480
1741804623072 2.2831050228310503 500
1741804762106 2.2831050228310503 500
1741804767170 2.2831050228310503 500
