1741798825792 5.1110429763793945 20
1741799010551 3.2160539627075195 40
1741799340128 0.49064749479293823 60
1741799526228 0.25886955857276917 80
1741799711997 0.1343279927968979 100
1741800040848 58.33345031738281 120
1741800225178 10.462989807128906 140
1741800558212 0.20878547430038452 160
1741800742344 0.04710782691836357 180
1741800927327 0.0410473458468914 200
1741801253762 0.031733788549900055 220
1741801439321 0.023793132975697517 240
1741801771256 0.3209688067436218 260
1741801962332 0.011965682730078697 280
1741802158118 0.013253106735646725 300
1741802494367 0.010427241213619709 320
1741802683064 0.008834856562316418 340
1741803022305 0.010325363837182522 360
1741803209311 0.157594233751297 380
1741803401036 0.00962616316974163 400
1741803731976 0.007212241645902395 420
1741803913955 0.008124261163175106 440
1741804246034 0.0072176652029156685 460
1741804435354 0.006231582257896662 480
1741804623072 0.006897146347910166 500
