1741798825792 2e-05 20
1741799010551 4e-05 40
1741799340128 4.9176276771004943e-05 60
1741799526228 4.7528830313014825e-05 80
1741799711997 4.5881383855024714e-05 100
1741800040848 4.4233937397034596e-05 120
1741800225178 4.2586490939044485e-05 140
1741800558212 4.093904448105437e-05 160
1741800742344 3.929159802306425e-05 180
1741800927327 3.764415156507414e-05 200
1741801253762 3.599670510708402e-05 220
1741801439321 3.434925864909391e-05 240
1741801771256 3.270181219110379e-05 260
1741801962332 3.105436573311368e-05 280
1741802158118 2.9406919275123562e-05 300
1741802494367 2.775947281713344e-05 320
1741802683064 2.6112026359143326e-05 340
1741803022305 2.4464579901153215e-05 360
1741803209311 2.28171334431631e-05 380
1741803401036 2.1169686985172982e-05 400
1741803731976 1.9522240527182868e-05 420
1741803913955 1.7874794069192753e-05 440
1741804246034 1.6227347611202635e-05 460
1741804435354 1.4579901153212522e-05 480
1741804623072 1.2932454695222406e-05 500
