1741798825792 0.4492 20
1741799010551 0.2339 40
1741799340128 0.0817 60
1741799526228 0.0218 80
1741799711997 0.0477 100
1741800040848 0.019 120
1741800225178 0.0884 140
1741800558212 0.055 160
1741800742344 0.0437 180
1741800927327 0.0125 200
1741801253762 0.0435 220
1741801439321 0.0092 240
1741801771256 0.03 260
1741801962332 0.0005 280
1741802158118 0.0474 300
1741802494367 0.0004 320
1741802683064 0.0004 340
1741803022305 0.0265 360
1741803209311 0.0199 380
1741803401036 0.0009 400
1741803731976 0.0079 420
1741803913955 0.0159 440
1741804246034 0.0002 460
1741804435354 0.0002 480
1741804623072 0.0002 500
