1741838390883 0.09090909090909091 20
1741838583999 0.18181818181818182 40
1741838832017 0.22727272727272727 50
1741838940592 0.2727272727272727 60
1741839130175 0.36363636363636365 80
1741839317765 0.45454545454545453 100
1741839459733 0.45454545454545453 100
1741839654203 0.5454545454545454 120
1741839840236 0.6363636363636364 140
1741840075815 0.6818181818181818 150
1741840172505 0.7272727272727273 160
1741840357738 0.8181818181818182 180
1741840543801 0.9090909090909091 200
1741840687924 0.9090909090909091 200
1741840879355 1.0 220
1741841064862 1.0909090909090908 240
1741841303579 1.1363636363636362 250
1741841401100 1.1818181818181819 260
1741841587997 1.2727272727272727 280
1741841775065 1.3636363636363638 300
1741841915586 1.3636363636363638 300
1741842104590 1.4545454545454546 320
1741842289141 1.5454545454545454 340
1741842524487 1.5909090909090908 350
1741842620857 1.6363636363636362 360
1741842806262 1.7272727272727273 380
1741842991854 1.8181818181818183 400
1741843133301 1.8181818181818183 400
1741843326754 1.9090909090909092 420
1741843507291 2.0 440
1741843740205 2.0454545454545454 450
1741843838400 2.090909090909091 460
1741844024855 2.1818181818181817 480
1741844213186 2.2727272727272725 500
1741844356409 2.2727272727272725 500
1741844546094 2.3636363636363638 520
1741844732032 2.4545454545454546 540
1741844969741 2.5 550
1741845070743 2.5454545454545454 560
1741845256470 2.6363636363636362 580
1741845441740 2.7272727272727275 600
1741845582431 2.7272727272727275 600
1741845772702 2.8181818181818183 620
1741845959457 2.909090909090909 640
1741846193450 2.9545454545454546 650
1741846291240 3.0 660
1741846298306 3.0 660
