1741838390883 10.179705619812012 20
1741838583999 4.570451736450195 40
1741838940592 5.040656566619873 60
1741839130175 17.222431182861328 80
1741839317765 0.040589917451143265 100
1741839654203 0.025913503021001816 120
1741839840236 0.11844675242900848 140
1741840172505 0.4249022603034973 160
1741840357738 0.028640592470765114 180
1741840543801 0.031669847667217255 200
1741840879355 0.015038459561765194 220
1741841064862 76.6834716796875 240
1741841401100 0.019527161493897438 260
1741841587997 0.227242112159729 280
1741841775065 0.018709436058998108 300
1741842104590 0.018125567585229874 320
1741842289141 0.01575116626918316 340
1741842620857 0.00959555059671402 360
1741842806262 0.009706227108836174 380
1741842991854 0.009004789404571056 400
1741843326754 0.007950049825012684 420
1741843507291 0.008928708732128143 440
1741843838400 0.0060062590055167675 460
1741844024855 0.006471996661275625 480
1741844213186 0.005390029400587082 500
1741844546094 0.01890573836863041 520
1741844732032 0.005545663181692362 540
1741845070743 0.009762701578438282 560
1741845256470 0.004572490695863962 580
1741845441740 0.005083773285150528 600
1741845772702 0.00418425677344203 620
1741845959457 0.004277115222066641 640
1741846291240 0.0034054561983793974 660
