1741838390883 2e-05 20
1741838583999 4e-05 40
1741838940592 4.918032786885246e-05 60
1741839130175 4.754098360655738e-05 80
1741839317765 4.59016393442623e-05 100
1741839654203 4.426229508196721e-05 120
1741839840236 4.262295081967213e-05 140
1741840172505 4.098360655737705e-05 160
1741840357738 3.934426229508197e-05 180
1741840543801 3.7704918032786885e-05 200
1741840879355 3.6065573770491806e-05 220
1741841064862 3.442622950819672e-05 240
1741841401100 3.2786885245901635e-05 260
1741841587997 3.114754098360656e-05 280
1741841775065 2.9508196721311478e-05 300
1741842104590 2.7868852459016392e-05 320
1741842289141 2.6229508196721314e-05 340
1741842620857 2.459016393442623e-05 360
1741842806262 2.295081967213115e-05 380
1741842991854 2.1311475409836064e-05 400
1741843326754 1.9672131147540985e-05 420
1741843507291 1.8032786885245903e-05 440
1741843838400 1.6393442622950818e-05 460
1741844024855 1.4754098360655739e-05 480
1741844213186 1.3114754098360657e-05 500
1741844546094 1.1475409836065575e-05 520
1741844732032 9.836065573770493e-06 540
1741845070743 8.196721311475409e-06 560
1741845256470 6.557377049180328e-06 580
1741845441740 4.918032786885246e-06 600
1741845772702 3.278688524590164e-06 620
1741845959457 1.639344262295082e-06 640
1741846291240 0.0 660
