1741838390883 0.7102 20
1741838583999 0.3001 40
1741838940592 0.0854 60
1741839130175 0.0651 80
1741839317765 0.012 100
1741839654203 0.0266 120
1741839840236 0.0601 140
1741840172505 0.0101 160
1741840357738 0.0685 180
1741840543801 0.0008 200
1741840879355 0.0042 220
1741841064862 0.0323 240
1741841401100 0.0404 260
1741841587997 0.0445 280
1741841775065 0.0007 300
1741842104590 0.0218 320
1741842289141 0.0006 340
1741842620857 0.0004 360
1741842806262 0.0004 380
1741842991854 0.0022 400
1741843326754 0.0003 420
1741843507291 0.0003 440
1741843838400 0.0002 460
1741844024855 0.0002 480
1741844213186 0.0002 500
1741844546094 0.0002 520
1741844732032 0.0002 540
1741845070743 0.0002 560
1741845256470 0.0002 580
1741845441740 0.0026 600
1741845772702 0.0002 620
1741845959457 0.0001 640
1741846291240 0.0002 660
