1740941287993 0.08849557522123894 10
1740941311503 0.17699115044247787 20
1740941336613 0.26548672566371684 30
1740941362850 0.35398230088495575 40
1740941386555 0.4424778761061947 50
1740941415061 0.5309734513274337 60
1740941733760 0.6194690265486725 70
1740941757727 0.7079646017699115 80
1740941781361 0.7964601769911505 90
1740941804774 0.8849557522123894 100
1740941833241 0.9734513274336283 110
1740941856414 1.0619469026548674 120
1740941880524 1.1504424778761062 130
1740941904106 1.238938053097345 140
1740941927507 1.3274336283185841 150
1740941957138 1.415929203539823 160
1740941981385 1.504424778761062 170
1740942005501 1.592920353982301 180
1740942029096 1.6814159292035398 190
1740945323562 1.7699115044247788 200
1740945352570 1.8584070796460177 210
1740945376439 1.9469026548672566 220
1740945399078 2.0353982300884956 230
1740945423880 2.1238938053097347 240
1740945448061 2.2123893805309733 250
1740945479958 2.3008849557522124 260
1740945505324 2.3893805309734515 270
1740945528721 2.47787610619469 280
1740945552330 2.566371681415929 290
1740945575814 2.6548672566371683 300
1740945604155 2.7433628318584073 310
1740945627630 2.831858407079646 320
1740945651920 2.920353982300885 330
1740955741187 3.0 339
