1740941287993 13.652010917663574 10
1740941311503 8.014772415161133 20
1740941336613 4.246438026428223 30
1740941362850 1.1305747032165527 40
1740941386555 0.07428330928087234 50
1740941415061 0.028868742287158966 60
1740941733760 0.015034841373562813 70
1740941757727 0.011846602894365788 80
1740941781361 0.027431385591626167 90
1740941804774 0.07183177024126053 100
1740941833241 0.012586637400090694 110
1740941856414 0.012846765108406544 120
1740941880524 0.028149038553237915 130
1740941904106 0.03594678267836571 140
1740941927507 0.014540210366249084 150
1740941957138 0.008489120751619339 160
1740941981385 0.008352409116923809 170
1740942005501 0.011285578832030296 180
1740942029096 0.007371931336820126 190
1740945323562 0.006586390547454357 200
1740945352570 0.008582692593336105 210
1740945376439 0.007529857102781534 220
1740945399078 0.004759552888572216 230
1740945423880 0.0073766703717410564 240
1740945448061 0.004001918714493513 250
1740945479958 0.00525325583294034 260
1740945505324 0.006281143520027399 270
1740945528721 0.005418478976935148 280
1740945552330 0.005043359473347664 290
1740945575814 6.207973957061768 300
1740945604155 0.0067944577895104885 310
1740945627630 0.00980108231306076 320
1740945651920 0.007049457635730505 330
