1740941287993 1e-05 10
1740941311503 2e-05 20
1740941336613 3e-05 30
1740941362850 4e-05 40
1740941386555 5e-05 50
1740941415061 4.826989619377163e-05 60
1740941733760 4.653979238754326e-05 70
1740941757727 4.480968858131488e-05 80
1740941781361 4.307958477508651e-05 90
1740941804774 4.134948096885813e-05 100
1740941833241 3.961937716262976e-05 110
1740941856414 3.788927335640138e-05 120
1740941880524 3.615916955017301e-05 130
1740941904106 3.4429065743944636e-05 140
1740941927507 3.269896193771627e-05 150
1740941957138 3.096885813148789e-05 160
1740941981385 2.9238754325259516e-05 170
1740942005501 2.7508650519031144e-05 180
1740942029096 2.5778546712802772e-05 190
1740945323562 2.4048442906574396e-05 200
1740945352570 2.231833910034602e-05 210
1740945376439 2.058823529411765e-05 220
1740945399078 1.8858131487889273e-05 230
1740945423880 1.7128027681660898e-05 240
1740945448061 1.5397923875432525e-05 250
1740945479958 1.3667820069204155e-05 260
1740945505324 1.193771626297578e-05 270
1740945528721 1.0207612456747406e-05 280
1740945552330 8.477508650519032e-06 290
1740945575814 6.747404844290659e-06 300
1740945604155 5.017301038062284e-06 310
1740945627630 3.2871972318339097e-06 320
1740945651920 1.5570934256055363e-06 330
