1740941287993 0.7616 10
1740941311503 0.5735 20
1740941336613 0.2876 30
1740941362850 0.0848 40
1740941386555 0.0131 50
1740941415061 0.0026 60
1740941733760 0.0008 70
1740941757727 0.0852 80
1740941781361 0.0005 90
1740941804774 0.0005 100
1740941833241 0.066 110
1740941856414 0.0005 120
1740941880524 0.0986 130
1740941904106 0.0017 140
1740941927507 0.0006 150
1740941957138 0.0004 160
1740941981385 0.0003 170
1740942005501 0.0003 180
1740942029096 0.0003 190
1740945323562 0.0003 200
1740945352570 0.0003 210
1740945376439 0.0003 220
1740945399078 0.0002 230
1740945423880 0.0002 240
1740945448061 0.0002 250
1740945479958 0.0002 260
1740945505324 0.0002 270
1740945528721 0.0002 280
1740945552330 0.0002 290
1740945575814 0.0929 300
1740945604155 0.0002 310
1740945627630 0.0002 320
1740945651920 0.0003 330
