1741729234783 0.09090909090909091 20
1741729421729 0.18181818181818182 40
1741730293939 0.22727272727272727 50
1741730397358 0.2727272727272727 60
1741730597815 0.36363636363636365 80
1741730784472 0.45454545454545453 100
1741730930881 0.45454545454545453 100
1741731140689 0.5454545454545454 120
1741731349329 0.6363636363636364 140
1741731581413 0.6818181818181818 150
1741731682114 0.7272727272727273 160
1741731867563 0.8181818181818182 180
1741732053391 0.9090909090909091 200
1741732194531 0.9090909090909091 200
1741732376615 1.0 220
1741732563750 1.0909090909090908 240
1741733228788 1.1363636363636362 250
1741733324544 1.1818181818181819 260
1741736622361 1.2727272727272727 280
1741736803209 1.3636363636363638 300
1741739763400 1.3636363636363638 300
1741739792426 1.3636363636363638 300
