1741729234783 8.195196151733398 20
1741729421729 1.3376448154449463 40
1741730397358 0.1537538766860962 60
1741730597815 0.061835210770368576 80
1741730784472 0.037271786481142044 100
1741731140689 0.02840685099363327 120
1741731349329 0.14229385554790497 140
1741731682114 0.03408133238554001 160
1741731867563 0.02179361879825592 180
1741732053391 4.822968006134033 200
1741732376615 0.1035623550415039 220
1741732563750 0.11092735826969147 240
1741733324544 0.010919907130300999 260
1741736622361 0.008655007928609848 280
1741736803209 0.02990586869418621 300
