1741729234783 2e-05 20
1741729421729 4e-05 40
1741730397358 4.918032786885246e-05 60
1741730597815 4.754098360655738e-05 80
1741730784472 4.59016393442623e-05 100
1741731140689 4.426229508196721e-05 120
1741731349329 4.262295081967213e-05 140
1741731682114 4.098360655737705e-05 160
1741731867563 3.934426229508197e-05 180
1741732053391 3.7704918032786885e-05 200
1741732376615 3.6065573770491806e-05 220
1741732563750 3.442622950819672e-05 240
1741733324544 3.2786885245901635e-05 260
1741736622361 3.114754098360656e-05 280
1741736803209 2.9508196721311478e-05 300
