1740922587443 0.08849557522123894 10
1740922615528 0.17699115044247787 20
1740922644287 0.26548672566371684 30
1740922671693 0.35398230088495575 40
1740922701243 0.4424778761061947 50
1740922736766 0.5309734513274337 60
1740922768870 0.6194690265486725 70
1740922796127 0.7079646017699115 80
1740922822579 0.7964601769911505 90
1740922847736 0.8849557522123894 100
1740922879224 0.9734513274336283 110
1740922903042 1.0619469026548674 120
1740922927670 1.1504424778761062 130
1740922952900 1.238938053097345 140
1740922977430 1.3274336283185841 150
1740923009594 1.415929203539823 160
1740923034697 1.504424778761062 170
1740923060166 1.592920353982301 180
1740923084872 1.6814159292035398 190
1740923109332 1.7699115044247788 200
1740923140421 1.8584070796460177 210
1740923165619 1.9469026548672566 220
1740923193682 2.0353982300884956 230
1740923218298 2.1238938053097347 240
1740923508928 2.2123893805309733 250
1740923541302 2.3008849557522124 260
1740923565754 2.3893805309734515 270
1740923590488 2.47787610619469 280
1740923615086 2.566371681415929 290
1740923641379 2.6548672566371683 300
1740923674387 2.7433628318584073 310
1740923700148 2.831858407079646 320
1740923725726 2.920353982300885 330
1740923752255 3.0 339
