1740922587443 12.706080436706543 10
1740922615528 8.879939079284668 20
1740922644287 3.3967390060424805 30
1740922671693 1.9042620658874512 40
1740922701243 0.4468141496181488 50
1740922736766 0.08287692815065384 60
1740922768870 0.0640489012002945 70
1740922796127 0.021381936967372894 80
1740922822579 0.020045870915055275 90
1740922847736 0.017979543656110764 100
1740922879224 0.014202821999788284 110
1740922903042 0.01095571182668209 120
1740922927670 0.007225753273814917 130
1740922952900 0.011686828918755054 140
1740922977430 0.007600121200084686 150
1740923009594 0.006986486259847879 160
1740923034697 0.006854241248220205 170
1740923060166 0.004996814299374819 180
1740923084872 0.005120459012687206 190
1740923109332 0.004698814358562231 200
1740923140421 0.0036751467268913984 210
1740923165619 0.0034616810735315084 220
1740923193682 0.00404974864795804 230
1740923218298 0.0036684544757008553 240
1740923508928 0.0034389938227832317 250
1740923541302 0.004052831791341305 260
1740923565754 0.0030296421609818935 270
1740923590488 0.0033003194257616997 280
1740923615086 0.002899658167734742 290
1740923641379 0.003655875800177455 300
1740923674387 0.002779402071610093 310
1740923700148 0.0031139308121055365 320
1740923725726 0.002715890761464834 330
