1740922587443 1e-05 10
1740922615528 2e-05 20
1740922644287 3e-05 30
1740922671693 4e-05 40
1740922701243 5e-05 50
1740922736766 4.826989619377163e-05 60
1740922768870 4.653979238754326e-05 70
1740922796127 4.480968858131488e-05 80
1740922822579 4.307958477508651e-05 90
1740922847736 4.134948096885813e-05 100
1740922879224 3.961937716262976e-05 110
1740922903042 3.788927335640138e-05 120
1740922927670 3.615916955017301e-05 130
1740922952900 3.4429065743944636e-05 140
1740922977430 3.269896193771627e-05 150
1740923009594 3.096885813148789e-05 160
1740923034697 2.9238754325259516e-05 170
1740923060166 2.7508650519031144e-05 180
1740923084872 2.5778546712802772e-05 190
1740923109332 2.4048442906574396e-05 200
1740923140421 2.231833910034602e-05 210
1740923165619 2.058823529411765e-05 220
1740923193682 1.8858131487889273e-05 230
1740923218298 1.7128027681660898e-05 240
1740923508928 1.5397923875432525e-05 250
1740923541302 1.3667820069204155e-05 260
1740923565754 1.193771626297578e-05 270
1740923590488 1.0207612456747406e-05 280
1740923615086 8.477508650519032e-06 290
1740923641379 6.747404844290659e-06 300
1740923674387 5.017301038062284e-06 310
1740923700148 3.2871972318339097e-06 320
1740923725726 1.5570934256055363e-06 330
