1740922587443 0.9499 10
1740922615528 0.2487 20
1740922644287 0.129 30
1740922671693 0.103 40
1740922701243 0.0271 50
1740922736766 0.0058 60
1740922768870 0.002 70
1740922796127 0.001 80
1740922822579 0.0007 90
1740922847736 0.0005 100
1740922879224 0.0004 110
1740922903042 0.0004 120
1740922927670 0.0003 130
1740922952900 0.0003 140
1740922977430 0.0002 150
1740923009594 0.0002 160
1740923034697 0.0002 170
1740923060166 0.0002 180
1740923084872 0.0002 190
1740923109332 0.0002 200
1740923140421 0.0002 210
1740923165619 0.0001 220
1740923193682 0.0001 230
1740923218298 0.0001 240
1740923508928 0.0001 250
1740923541302 0.0001 260
1740923565754 0.0001 270
1740923590488 0.0001 280
1740923615086 0.0001 290
1740923641379 0.0001 300
1740923674387 0.0001 310
1740923700148 0.0001 320
1740923725726 0.0001 330
