1740925734104 0.08849557522123894 10
1740925758043 0.17699115044247787 20
1740925781660 0.26548672566371684 30
1740925806054 0.35398230088495575 40
1740928495118 0.4424778761061947 50
1740928525321 0.5309734513274337 60
1740928549776 0.6194690265486725 70
1740928576639 0.7079646017699115 80
1740928600306 0.7964601769911505 90
1740928624299 0.8849557522123894 100
1740928653022 0.9734513274336283 110
1740928676235 1.0619469026548674 120
1740928700151 1.1504424778761062 130
1740928723773 1.238938053097345 140
1740928747891 1.3274336283185841 150
1740928776551 1.415929203539823 160
1740928804156 1.504424778761062 170
1740928828779 1.592920353982301 180
1740929791781 1.6814159292035398 190
1740929819761 1.7699115044247788 200
1740929848498 1.8584070796460177 210
1740929873098 1.9469026548672566 220
1740929897028 2.0353982300884956 230
1740929920466 2.1238938053097347 240
1740929944215 2.2123893805309733 250
1740929973600 2.3008849557522124 260
1740929998109 2.3893805309734515 270
1740930022664 2.47787610619469 280
1740930046061 2.566371681415929 290
1740930069298 2.6548672566371683 300
1740930097879 2.7433628318584073 310
1740930122363 2.831858407079646 320
1740930146032 2.920353982300885 330
1740930171738 3.0 339
