1740925734104 9.933846473693848 10
1740925758043 7.04658842086792 20
1740925781660 7.996302604675293 30
1740925806054 1.063855767250061 40
1740928495118 0.13346527516841888 50
1740928525321 0.09826765209436417 60
1740928549776 0.04652274399995804 70
1740928576639 0.013604698702692986 80
1740928600306 0.010137172415852547 90
1740928624299 0.007911083288490772 100
1740928653022 0.007708030752837658 110
1740928676235 0.008041871711611748 120
1740928700151 0.006580854766070843 130
1740928723773 0.004838623572140932 140
1740928747891 0.007065454963594675 150
1740928776551 0.004858213011175394 160
1740928804156 0.0045346845872700214 170
1740928828779 0.007531741168349981 180
1740929791781 0.004742978140711784 190
1740929819761 0.005819890648126602 200
1740929848498 0.005154791753739119 210
1740929873098 0.004132378846406937 220
1740929897028 0.003973781131207943 230
1740929920466 0.0055169882252812386 240
1740929944215 0.0034628473222255707 250
1740929973600 0.004337198566645384 260
1740929998109 0.004528052173554897 270
1740930022664 0.0038344766944646835 280
1740930046061 0.003834326285868883 290
1740930069298 0.00398494815453887 300
1740930097879 0.003541810205206275 310
1740930122363 0.004037065431475639 320
1740930146032 0.0033274830784648657 330
