1740925734104 1e-05 10
1740925758043 2e-05 20
1740925781660 3e-05 30
1740925806054 4e-05 40
1740928495118 5e-05 50
1740928525321 4.826989619377163e-05 60
1740928549776 4.653979238754326e-05 70
1740928576639 4.480968858131488e-05 80
1740928600306 4.307958477508651e-05 90
1740928624299 4.134948096885813e-05 100
1740928653022 3.961937716262976e-05 110
1740928676235 3.788927335640138e-05 120
1740928700151 3.615916955017301e-05 130
1740928723773 3.4429065743944636e-05 140
1740928747891 3.269896193771627e-05 150
1740928776551 3.096885813148789e-05 160
1740928804156 2.9238754325259516e-05 170
1740928828779 2.7508650519031144e-05 180
1740929791781 2.5778546712802772e-05 190
1740929819761 2.4048442906574396e-05 200
1740929848498 2.231833910034602e-05 210
1740929873098 2.058823529411765e-05 220
1740929897028 1.8858131487889273e-05 230
1740929920466 1.7128027681660898e-05 240
1740929944215 1.5397923875432525e-05 250
1740929973600 1.3667820069204155e-05 260
1740929998109 1.193771626297578e-05 270
1740930022664 1.0207612456747406e-05 280
1740930046061 8.477508650519032e-06 290
1740930069298 6.747404844290659e-06 300
1740930097879 5.017301038062284e-06 310
1740930122363 3.2871972318339097e-06 320
1740930146032 1.5570934256055363e-06 330
