1740925734104 0.7296 10
1740925758043 0.6303 20
1740925781660 0.435 30
1740925806054 0.1558 40
1740928495118 0.0188 50
1740928525321 0.0031 60
1740928549776 0.0023 70
1740928576639 0.0021 80
1740928600306 0.0004 90
1740928624299 0.0003 100
1740928653022 0.0003 110
1740928676235 0.0003 120
1740928700151 0.0006 130
1740928723773 0.0002 140
1740928747891 0.0002 150
1740928776551 0.0002 160
1740928804156 0.0002 170
1740928828779 0.0002 180
1740929791781 0.0002 190
1740929819761 0.0002 200
1740929848498 0.0002 210
1740929873098 0.0002 220
1740929897028 0.0001 230
1740929920466 0.0002 240
1740929944215 0.0001 250
1740929973600 0.0002 260
1740929998109 0.0001 270
1740930022664 0.0001 280
1740930046061 0.0001 290
1740930069298 0.0001 300
1740930097879 0.0001 310
1740930122363 0.0001 320
1740930146032 0.0001 330
