1740923785333 0.08849557522123894 10
1740923810143 0.17699115044247787 20
1740923835053 0.26548672566371684 30
1740923858725 0.35398230088495575 40
1740923882932 0.4424778761061947 50
1740923913075 0.5309734513274337 60
1740923937572 0.6194690265486725 70
1740923961355 0.7079646017699115 80
1740923985247 0.7964601769911505 90
1740924009353 0.8849557522123894 100
1740924041128 0.9734513274336283 110
1740924064553 1.0619469026548674 120
1740924088144 1.1504424778761062 130
1740924112234 1.238938053097345 140
1740924135972 1.3274336283185841 150
1740924165806 1.415929203539823 160
1740924190081 1.504424778761062 170
1740924214836 1.592920353982301 180
1740924239818 1.6814159292035398 190
1740924264266 1.7699115044247788 200
1740924293793 1.8584070796460177 210
1740924318236 1.9469026548672566 220
1740924341842 2.0353982300884956 230
1740924366025 2.1238938053097347 240
1740924390532 2.2123893805309733 250
1740924421942 2.3008849557522124 260
1740924446738 2.3893805309734515 270
1740924472076 2.47787610619469 280
1740924498823 2.566371681415929 290
1740924525074 2.6548672566371683 300
1740924556543 2.7433628318584073 310
1740924582101 2.831858407079646 320
1740924607953 2.920353982300885 330
1740924634896 3.0 339
