1740923785333 16.67670249938965 10
1740923810143 11.091730117797852 20
1740923835053 5.789013862609863 30
1740923858725 2.3991639614105225 40
1740923882932 0.4034114480018616 50
1740923913075 0.059363264590501785 60
1740923937572 0.02820402942597866 70
1740923961355 0.022870367392897606 80
1740923985247 0.018447071313858032 90
1740924009353 0.01587059535086155 100
1740924041128 0.012408845126628876 110
1740924064553 0.013273539952933788 120
1740924088144 0.009504099376499653 130
1740924112234 0.010396926663815975 140
1740924135972 0.00915522314608097 150
1740924165806 0.00796471070498228 160
1740924190081 0.007518029771745205 170
1740924214836 0.00844490434974432 180
1740924239818 0.009070875123143196 190
1740924264266 0.007320449221879244 200
1740924293793 0.006127659697085619 210
1740924318236 0.0054547544568777084 220
1740924341842 0.006266797427088022 230
1740924366025 0.00586852990090847 240
1740924390532 0.005860416684299707 250
1740924421942 0.006613671779632568 260
1740924446738 0.006069297436624765 270
1740924472076 0.006380537524819374 280
1740924498823 0.0052920118905603886 290
1740924525074 0.0059765842743217945 300
1740924556543 0.00511797983199358 310
1740924582101 0.004894028417766094 320
1740924607953 0.0056122844107449055 330
