1740923785333 1e-05 10
1740923810143 2e-05 20
1740923835053 3e-05 30
1740923858725 4e-05 40
1740923882932 5e-05 50
1740923913075 4.826989619377163e-05 60
1740923937572 4.653979238754326e-05 70
1740923961355 4.480968858131488e-05 80
1740923985247 4.307958477508651e-05 90
1740924009353 4.134948096885813e-05 100
1740924041128 3.961937716262976e-05 110
1740924064553 3.788927335640138e-05 120
1740924088144 3.615916955017301e-05 130
1740924112234 3.4429065743944636e-05 140
1740924135972 3.269896193771627e-05 150
1740924165806 3.096885813148789e-05 160
1740924190081 2.9238754325259516e-05 170
1740924214836 2.7508650519031144e-05 180
1740924239818 2.5778546712802772e-05 190
1740924264266 2.4048442906574396e-05 200
1740924293793 2.231833910034602e-05 210
1740924318236 2.058823529411765e-05 220
1740924341842 1.8858131487889273e-05 230
1740924366025 1.7128027681660898e-05 240
1740924390532 1.5397923875432525e-05 250
1740924421942 1.3667820069204155e-05 260
1740924446738 1.193771626297578e-05 270
1740924472076 1.0207612456747406e-05 280
1740924498823 8.477508650519032e-06 290
1740924525074 6.747404844290659e-06 300
1740924556543 5.017301038062284e-06 310
1740924582101 3.2871972318339097e-06 320
1740924607953 1.5570934256055363e-06 330
