1740923785333 0.7118 10
1740923810143 0.5965 20
1740923835053 0.3707 30
1740923858725 0.1412 40
1740923882932 0.0274 50
1740923913075 0.0583 60
1740923937572 0.0015 70
1740923961355 0.0009 80
1740923985247 0.0007 90
1740924009353 0.0005 100
1740924041128 0.0005 110
1740924064553 0.0004 120
1740924088144 0.0004 130
1740924112234 0.0004 140
1740924135972 0.0003 150
1740924165806 0.0003 160
1740924190081 0.0003 170
1740924214836 0.0003 180
1740924239818 0.0003 190
1740924264266 0.0002 200
1740924293793 0.0002 210
1740924318236 0.0002 220
1740924341842 0.0002 230
1740924366025 0.0002 240
1740924390532 0.0002 250
1740924421942 0.0002 260
1740924446738 0.0002 270
1740924472076 0.0002 280
1740924498823 0.0002 290
1740924525074 0.0002 300
1740924556543 0.0002 310
1740924582101 0.0002 320
1740924607953 0.0002 330
