1741004724246 0.1111111111111111 10
1741004758442 0.2222222222222222 20
1741004783561 0.3333333333333333 30
1741004817133 0.4444444444444444 40
1741004840954 0.5555555555555556 50
1741004854108 0.5555555555555556 50
1741004886470 0.6666666666666666 60
1741004914419 0.7777777777777778 70
1741004939097 0.8888888888888888 80
1741004968202 1.0 90
1741004997141 1.1111111111111112 100
1741005013888 1.1111111111111112 100
1741005052147 1.2222222222222223 110
1741005081298 1.3333333333333333 120
1741005105333 1.4444444444444444 130
1741005128876 1.5555555555555556 140
1741005152244 1.6666666666666665 150
1741005166170 1.6666666666666665 150
1741005196620 1.7777777777777777 160
1741005220891 1.8888888888888888 170
1741005251492 2.0 180
1741005276379 2.111111111111111 190
1741005300528 2.2222222222222223 200
1741005317429 2.2222222222222223 200
1741005347002 2.3333333333333335 210
1741005371858 2.4444444444444446 220
1741005396539 2.5555555555555554 230
1741005421668 2.6666666666666665 240
1741005445938 2.7777777777777777 250
1741005458725 2.7777777777777777 250
1741005487985 2.888888888888889 260
1741005511899 3.0 270
1741005517935 3.0 270
