1741004724246 11.121942520141602 10
1741004758442 14.070199966430664 20
1741004783561 5.77148962020874 30
1741004817133 5.98008918762207 40
1741004840954 1.051553726196289 50
1741004886470 0.17497189342975616 60
1741004914419 0.04781801253557205 70
1741004939097 0.027467621490359306 80
1741004968202 0.024079954251646996 90
1741004997141 0.016098735854029655 100
1741005052147 0.014860489405691624 110
1741005081298 0.015554084442555904 120
1741005105333 0.013878892175853252 130
1741005128876 0.012256101705133915 140
1741005152244 0.010727137327194214 150
1741005196620 0.009600994177162647 160
1741005220891 0.012190449982881546 170
1741005251492 0.010104207322001457 180
1741005276379 0.008210414089262486 190
1741005300528 0.008985442109405994 200
1741005347002 0.007980365306138992 210
1741005371858 0.008020004257559776 220
1741005396539 0.009122779592871666 230
1741005421668 0.008043861947953701 240
1741005445938 0.008389681577682495 250
1741005487985 0.008301150985062122 260
1741005511899 0.008044587448239326 270
