1741004724246 1e-05 10
1741004758442 2e-05 20
1741004783561 3e-05 30
1741004817133 4e-05 40
1741004840954 5e-05 50
1741004886470 4.772727272727273e-05 60
1741004914419 4.545454545454546e-05 70
1741004939097 4.318181818181819e-05 80
1741004968202 4.0909090909090915e-05 90
1741004997141 3.8636363636363636e-05 100
1741005052147 3.6363636363636364e-05 110
1741005081298 3.409090909090909e-05 120
1741005105333 3.181818181818182e-05 130
1741005128876 2.954545454545455e-05 140
1741005152244 2.7272727272727273e-05 150
1741005196620 2.5e-05 160
1741005220891 2.272727272727273e-05 170
1741005251492 2.0454545454545457e-05 180
1741005276379 1.8181818181818182e-05 190
1741005300528 1.590909090909091e-05 200
1741005347002 1.3636363636363637e-05 210
1741005371858 1.1363636363636365e-05 220
1741005396539 9.090909090909091e-06 230
1741005421668 6.818181818181818e-06 240
1741005445938 4.5454545454545455e-06 250
1741005487985 2.2727272727272728e-06 260
1741005511899 0.0 270
