1741004724246 0.7858 10
1741004758442 0.7063 20
1741004783561 0.6064 30
1741004817133 0.3665 40
1741004840954 0.096 50
1741004886470 0.0122 60
1741004914419 0.0027 70
1741004939097 0.0012 80
1741004968202 0.0008 90
1741004997141 0.0006 100
1741005052147 0.0005 110
1741005081298 0.0005 120
1741005105333 0.0005 130
1741005128876 0.0004 140
1741005152244 0.0004 150
1741005196620 0.0004 160
1741005220891 0.0004 170
1741005251492 0.0003 180
1741005276379 0.0003 190
1741005300528 0.0003 200
1741005347002 0.0003 210
1741005371858 0.0003 220
1741005396539 0.0003 230
1741005421668 0.0003 240
1741005445938 0.0003 250
1741005487985 0.0003 260
1741005511899 0.0003 270
