1740933880245 0.08849557522123894 10
1740933907348 0.17699115044247787 20
1740933933247 0.26548672566371684 30
1740933957546 0.35398230088495575 40
1740933981370 0.4424778761061947 50
1740934013583 0.5309734513274337 60
1740934037893 0.6194690265486725 70
1740934061843 0.7079646017699115 80
1740934085594 0.7964601769911505 90
1740934109735 0.8849557522123894 100
1740934141625 0.9734513274336283 110
1740934165469 1.0619469026548674 120
1740934189229 1.1504424778761062 130
1740934212707 1.238938053097345 140
1740934236635 1.3274336283185841 150
1740934265803 1.415929203539823 160
1740934289838 1.504424778761062 170
1740934313115 1.592920353982301 180
1740934336900 1.6814159292035398 190
1740934360266 1.7699115044247788 200
1740934388971 1.8584070796460177 210
1740934413343 1.9469026548672566 220
1740935958900 2.0353982300884956 230
1740935985498 2.1238938053097347 240
1740936008040 2.2123893805309733 250
1740936036869 2.3008849557522124 260
1740936061631 2.3893805309734515 270
1740936086126 2.47787610619469 280
1740936110250 2.566371681415929 290
1740936134592 2.6548672566371683 300
1740936164095 2.7433628318584073 310
1740936188080 2.831858407079646 320
1740936212766 2.920353982300885 330
1740936238239 3.0 339
