1740933880245 9.346260070800781 10
1740933907348 6.573832988739014 20
1740933933247 8.549750328063965 30
1740933957546 1.6361078023910522 40
1740933981370 0.14984829723834991 50
1740934013583 0.05130675807595253 60
1740934037893 0.015500440262258053 70
1740934061843 0.01145586185157299 80
1740934085594 0.01035985630005598 90
1740934109735 0.00944477692246437 100
1740934141625 0.0074324216693639755 110
1740934165469 0.008546615019440651 120
1740934189229 0.007381383795291185 130
1740934212707 0.00522768497467041 140
1740934236635 0.008083254098892212 150
1740934265803 0.005466077942401171 160
1740934289838 0.004500640090554953 170
1740934313115 0.006014915648847818 180
1740934336900 0.004911159630864859 190
1740934360266 0.004886877257376909 200
1740934388971 0.005080286413431168 210
1740934413343 0.004002040717750788 220
1740935958900 0.0037409423384815454 230
1740935985498 0.004733910784125328 240
1740936008040 0.003704995848238468 250
1740936036869 0.004188481718301773 260
1740936061631 0.004440219607204199 270
1740936086126 0.0039342050440609455 280
1740936110250 0.0039147580973804 290
1740936134592 0.0039098528213799 300
1740936164095 0.0034918414894491434 310
1740936188080 0.004488250240683556 320
1740936212766 0.0030361139215528965 330
