1740933880245 1e-05 10
1740933907348 2e-05 20
1740933933247 3e-05 30
1740933957546 4e-05 40
1740933981370 5e-05 50
1740934013583 4.826989619377163e-05 60
1740934037893 4.653979238754326e-05 70
1740934061843 4.480968858131488e-05 80
1740934085594 4.307958477508651e-05 90
1740934109735 4.134948096885813e-05 100
1740934141625 3.961937716262976e-05 110
1740934165469 3.788927335640138e-05 120
1740934189229 3.615916955017301e-05 130
1740934212707 3.4429065743944636e-05 140
1740934236635 3.269896193771627e-05 150
1740934265803 3.096885813148789e-05 160
1740934289838 2.9238754325259516e-05 170
1740934313115 2.7508650519031144e-05 180
1740934336900 2.5778546712802772e-05 190
1740934360266 2.4048442906574396e-05 200
1740934388971 2.231833910034602e-05 210
1740934413343 2.058823529411765e-05 220
1740935958900 1.8858131487889273e-05 230
1740935985498 1.7128027681660898e-05 240
1740936008040 1.5397923875432525e-05 250
1740936036869 1.3667820069204155e-05 260
1740936061631 1.193771626297578e-05 270
1740936086126 1.0207612456747406e-05 280
1740936110250 8.477508650519032e-06 290
1740936134592 6.747404844290659e-06 300
1740936164095 5.017301038062284e-06 310
1740936188080 3.2871972318339097e-06 320
1740936212766 1.5570934256055363e-06 330
