1740933880245 0.7548 10
1740933907348 0.6453 20
1740933933247 0.4538 30
1740933957546 0.1685 40
1740933981370 0.0292 50
1740934013583 0.0037 60
1740934037893 0.0009 70
1740934061843 0.0005 80
1740934085594 0.0004 90
1740934109735 0.0003 100
1740934141625 0.0003 110
1740934165469 0.0003 120
1740934189229 0.0003 130
1740934212707 0.0002 140
1740934236635 0.0002 150
1740934265803 0.0002 160
1740934289838 0.0002 170
1740934313115 0.0002 180
1740934336900 0.0002 190
1740934360266 0.0002 200
1740934388971 0.0002 210
1740934413343 0.0002 220
1740935958900 0.0002 230
1740935985498 0.0002 240
1740936008040 0.0001 250
1740936036869 0.0002 260
1740936061631 0.0002 270
1740936086126 0.0001 280
1740936110250 0.0001 290
1740936134592 0.0001 300
1740936164095 0.0001 310
1740936188080 0.0001 320
1740936212766 0.0056 330
