1740996895777 0.1111111111111111 10
1740996919415 0.2222222222222222 20
1740996943695 0.3333333333333333 30
1740996967496 0.4444444444444444 40
1740996991155 0.5555555555555556 50
1740997003769 0.5555555555555556 50
1740997031931 0.6666666666666666 60
1740997056519 0.7777777777777778 70
1740997080152 0.8888888888888888 80
1740997104581 1.0 90
1740997128389 1.1111111111111112 100
1740997141059 1.1111111111111112 100
1740997170029 1.2222222222222223 110
1740998022562 1.3333333333333333 120
1740998047612 1.4444444444444444 130
1740998070752 1.5555555555555556 140
1740998093974 1.6666666666666665 150
1740998106797 1.6666666666666665 150
1740998134927 1.7777777777777777 160
1740998159875 1.8888888888888888 170
1740998183477 2.0 180
1740998207502 2.111111111111111 190
1740998231344 2.2222222222222223 200
1740998243685 2.2222222222222223 200
1740998272486 2.3333333333333335 210
1740998296524 2.4444444444444446 220
1740998320258 2.5555555555555554 230
1740998343626 2.6666666666666665 240
1740998366512 2.7777777777777777 250
1740998379005 2.7777777777777777 250
1740998407226 2.888888888888889 260
1740998431383 3.0 270
1740998436963 3.0 270
