1740996895777 20.118919372558594 10
1740996919415 12.377127647399902 20
1740996943695 8.837902069091797 30
1740996967496 2.5023746490478516 40
1740996991155 0.27373382449150085 50
1740997031931 0.04672059416770935 60
1740997056519 0.030793704092502594 70
1740997080152 0.01585012674331665 80
1740997104581 0.012238063849508762 90
1740997128389 0.0073765036650002 100
1740997170029 0.006634645164012909 110
1740998022562 0.007145090028643608 120
1740998047612 0.006130583584308624 130
1740998070752 0.0055779991671442986 140
1740998093974 0.0059990962035954 150
1740998134927 0.004486795514822006 160
1740998159875 0.004381564445793629 170
1740998183477 0.004368882160633802 180
1740998207502 0.0034638955257833004 190
1740998231344 0.0032750959508121014 200
1740998272486 0.003646490629762411 210
1740998296524 0.004163716919720173 220
1740998320258 0.0035544303245842457 230
1740998343626 0.0034150038845837116 240
1740998366512 0.0032104458659887314 250
1740998407226 0.003148875664919615 260
1740998431383 0.0035120071843266487 270
