1740996895777 1e-05 10
1740996919415 2e-05 20
1740996943695 3e-05 30
1740996967496 4e-05 40
1740996991155 5e-05 50
1740997031931 4.772727272727273e-05 60
1740997056519 4.545454545454546e-05 70
1740997080152 4.318181818181819e-05 80
1740997104581 4.0909090909090915e-05 90
1740997128389 3.8636363636363636e-05 100
1740997170029 3.6363636363636364e-05 110
1740998022562 3.409090909090909e-05 120
1740998047612 3.181818181818182e-05 130
1740998070752 2.954545454545455e-05 140
1740998093974 2.7272727272727273e-05 150
1740998134927 2.5e-05 160
1740998159875 2.272727272727273e-05 170
1740998183477 2.0454545454545457e-05 180
1740998207502 1.8181818181818182e-05 190
1740998231344 1.590909090909091e-05 200
1740998272486 1.3636363636363637e-05 210
1740998296524 1.1363636363636365e-05 220
1740998320258 9.090909090909091e-06 230
1740998343626 6.818181818181818e-06 240
1740998366512 4.5454545454545455e-06 250
1740998407226 2.2727272727272728e-06 260
1740998431383 0.0 270
