1740996895777 0.7758 10
1740996919415 0.6812 20
1740996943695 0.5654 30
1740996967496 0.2766 40
1740996991155 0.0359 50
1740997031931 0.007 60
1740997056519 0.0013 70
1740997080152 0.0071 80
1740997104581 0.0005 90
1740997128389 0.0004 100
1740997170029 0.0028 110
1740998022562 0.0003 120
1740998047612 0.0002 130
1740998070752 0.0002 140
1740998093974 0.0002 150
1740998134927 0.0002 160
1740998159875 0.0002 170
1740998183477 0.0002 180
1740998207502 0.0002 190
1740998231344 0.0001 200
1740998272486 0.0001 210
1740998296524 0.0001 220
1740998320258 0.0001 230
1740998343626 0.0001 240
1740998366512 0.0001 250
1740998407226 0.0001 260
1740998431383 0.0001 270
