1740232636121 0.2222222222222222 10
1740232651318 0.4444444444444444 20
1740232666617 0.6666666666666666 30
1740232682028 0.8888888888888888 40
1740232697652 1.1111111111111112 50
1740232700206 1.1111111111111112 50
1740232726609 1.3333333333333333 60
1740232742266 1.5555555555555556 70
1740233007910 1.7777777777777777 80
1740233023153 2.0 90
1740233038396 2.2222222222222223 100
1740233041102 2.2222222222222223 100
1740233065574 2.4444444444444446 110
1740233082711 2.6666666666666665 120
1740233099342 2.888888888888889 130
1740233116114 3.111111111111111 140
1740233131812 3.3333333333333335 150
1740233134720 3.3333333333333335 150
1740233162773 3.5555555555555554 160
1740233181035 3.7777777777777777 170
1740233197232 4.0 180
1740233214211 4.222222222222222 190
1740233230017 4.444444444444445 200
1740233232954 4.444444444444445 200
1740233260966 4.666666666666667 210
1740233276563 4.888888888888889 220
1740233290884 5.0 225
