1740232636121 6.177608013153076 10
1740232651318 5.145877838134766 20
1740232666617 6.892595291137695 30
1740232682028 6.7552289962768555 40
1740232697652 8.407477378845215 50
1740232726609 6.23972749710083 60
1740232742266 3.901139497756958 70
1740233007910 3.8470256328582764 80
1740233023153 3.5977604389190674 90
1740233038396 1.8566670417785645 100
1740233065574 1.4605656862258911 110
1740233082711 7.313225269317627 120
1740233099342 1.0450916290283203 130
1740233116114 0.5647808909416199 140
1740233131812 0.6022300124168396 150
1740233162773 0.5069453120231628 160
1740233181035 0.4609619379043579 170
1740233197232 0.37122654914855957 180
1740233214211 0.32033270597457886 190
1740233230017 0.4517148733139038 200
1740233260966 0.34812599420547485 210
1740233276563 0.3429219424724579 220
