1740232636121 1.9111111111111113e-05 10
1740232651318 1.8222222222222224e-05 20
1740232666617 1.7333333333333336e-05 30
1740232682028 1.6444444444444444e-05 40
1740232697652 1.555555555555556e-05 50
1740232726609 1.4666666666666666e-05 60
1740232742266 1.377777777777778e-05 70
1740233007910 1.288888888888889e-05 80
1740233023153 1.2e-05 90
1740233038396 1.1111111111111113e-05 100
1740233065574 1.0222222222222223e-05 110
1740233082711 9.333333333333334e-06 120
1740233099342 8.444444444444446e-06 130
1740233116114 7.555555555555556e-06 140
1740233131812 6.666666666666667e-06 150
1740233162773 5.777777777777778e-06 160
1740233181035 4.888888888888889e-06 170
1740233197232 4.000000000000001e-06 180
1740233214211 3.1111111111111116e-06 190
1740233230017 2.222222222222222e-06 200
1740233260966 1.3333333333333334e-06 210
1740233276563 4.444444444444445e-07 220
