1740232636121 1.7834 10
1740232651318 1.5826 20
1740232666617 1.3559 30
1740232682028 1.0681 40
1740232697652 0.8073 50
1740232726609 0.6166 60
1740232742266 0.4812 70
1740233007910 0.3775 80
1740233023153 0.2606 90
1740233038396 0.1848 100
1740233065574 0.139 110
1740233082711 0.1255 120
1740233099342 0.086 130
1740233116114 0.0694 140
1740233131812 0.0554 150
1740233162773 0.0509 160
1740233181035 0.0473 170
1740233197232 0.0419 180
1740233214211 0.0373 190
1740233230017 0.0372 200
1740233260966 0.0345 210
1740233276563 0.0346 220
