1741005546936 0.1111111111111111 10
1741005572309 0.2222222222222222 20
1741005598381 0.3333333333333333 30
1741005625932 0.4444444444444444 40
1741005650713 0.5555555555555556 50
1741005664367 0.5555555555555556 50
1741005702053 0.6666666666666666 60
1741005726359 0.7777777777777778 70
1741005751699 0.8888888888888888 80
1741005776460 1.0 90
1741005801051 1.1111111111111112 100
1741005814868 1.1111111111111112 100
1741005845546 1.2222222222222223 110
1741005870547 1.3333333333333333 120
1741005894680 1.4444444444444444 130
1741005918155 1.5555555555555556 140
1741005942563 1.6666666666666665 150
1741005957555 1.6666666666666665 150
1741005991747 1.7777777777777777 160
1741006017393 1.8888888888888888 170
1741006047588 2.0 180
1741006078823 2.111111111111111 190
1741006110122 2.2222222222222223 200
1741006129347 2.2222222222222223 200
1741006165253 2.3333333333333335 210
1741006193840 2.4444444444444446 220
1741006225822 2.5555555555555554 230
1741006259156 2.6666666666666665 240
1741006293440 2.7777777777777777 250
1741006311303 2.7777777777777777 250
1741006354870 2.888888888888889 260
1741006388515 3.0 270
1741006399153 3.0 270
