1741005546936 13.116706848144531 10
1741005572309 17.839006423950195 20
1741005598381 7.831828594207764 30
1741005625932 2.280337333679199 40
1741005650713 0.4521544873714447 50
1741005702053 0.1027158796787262 60
1741005726359 0.0365360751748085 70
1741005751699 0.014627588912844658 80
1741005776460 0.0118301622569561 90
1741005801051 0.006447235122323036 100
1741005845546 0.0054162656888365746 110
1741005870547 0.0055251289159059525 120
1741005894680 0.004866329487413168 130
1741005918155 0.004065071698278189 140
1741005942563 0.0035047968849539757 150
1741005991747 0.0039380681701004505 160
1741006017393 0.0038597167003899813 170
1741006047588 0.003928059246391058 180
1741006078823 0.003297824179753661 190
1741006110122 0.004027774557471275 200
1741006165253 0.00306308432482183 210
1741006193840 0.0029958232771605253 220
1741006225822 0.00337440543808043 230
1741006259156 0.0028676337096840143 240
1741006293440 0.0028451415710151196 250
1741006354870 0.003046241123229265 260
1741006388515 0.0028451397083699703 270
