1741005546936 1e-05 10
1741005572309 2e-05 20
1741005598381 3e-05 30
1741005625932 4e-05 40
1741005650713 5e-05 50
1741005702053 4.772727272727273e-05 60
1741005726359 4.545454545454546e-05 70
1741005751699 4.318181818181819e-05 80
1741005776460 4.0909090909090915e-05 90
1741005801051 3.8636363636363636e-05 100
1741005845546 3.6363636363636364e-05 110
1741005870547 3.409090909090909e-05 120
1741005894680 3.181818181818182e-05 130
1741005918155 2.954545454545455e-05 140
1741005942563 2.7272727272727273e-05 150
1741005991747 2.5e-05 160
1741006017393 2.272727272727273e-05 170
1741006047588 2.0454545454545457e-05 180
1741006078823 1.8181818181818182e-05 190
1741006110122 1.590909090909091e-05 200
1741006165253 1.3636363636363637e-05 210
1741006193840 1.1363636363636365e-05 220
1741006225822 9.090909090909091e-06 230
1741006259156 6.818181818181818e-06 240
1741006293440 4.5454545454545455e-06 250
1741006354870 2.2727272727272728e-06 260
1741006388515 0.0 270
