1741005546936 0.788 10
1741005572309 0.6442 20
1741005598381 0.4669 30
1741005625932 0.2123 40
1741005650713 0.0381 50
1741005702053 0.007 60
1741005726359 0.0017 70
1741005751699 0.0007 80
1741005776460 0.0004 90
1741005801051 0.0004 100
1741005845546 0.0002 110
1741005870547 0.0002 120
1741005894680 0.0002 130
1741005918155 0.0002 140
1741005942563 0.0002 150
1741005991747 0.0001 160
1741006017393 0.0001 170
1741006047588 0.0001 180
1741006078823 0.0001 190
1741006110122 0.0001 200
1741006165253 0.0001 210
1741006193840 0.0001 220
1741006225822 0.0001 230
1741006259156 0.0001 240
1741006293440 0.0001 250
1741006354870 0.0001 260
1741006388515 0.0001 270
