1740996092876 0.1111111111111111 10
1740996117192 0.2222222222222222 20
1740996141143 0.3333333333333333 30
1740996165164 0.4444444444444444 40
1740996189135 0.5555555555555556 50
1740996202020 0.5555555555555556 50
1740996231599 0.6666666666666666 60
1740996255660 0.7777777777777778 70
1740996279126 0.8888888888888888 80
1740996302574 1.0 90
1740996325700 1.1111111111111112 100
1740996337789 1.1111111111111112 100
1740996366402 1.2222222222222223 110
1740996390875 1.3333333333333333 120
1740996414473 1.4444444444444444 130
1740996437992 1.5555555555555556 140
1740996461996 1.6666666666666665 150
1740996474206 1.6666666666666665 150
1740996504101 1.7777777777777777 160
1740996532308 1.8888888888888888 170
1740996571091 2.0 180
1740996609299 2.111111111111111 190
1740996648565 2.2222222222222223 200
1740996668792 2.2222222222222223 200
1740996700236 2.3333333333333335 210
1740996724324 2.4444444444444446 220
1740996748257 2.5555555555555554 230
1740996772101 2.6666666666666665 240
1740996796355 2.7777777777777777 250
1740996808916 2.7777777777777777 250
1740996837805 2.888888888888889 260
1740996862259 3.0 270
1740996867123 3.0 270
