1740996092876 8.463329315185547 10
1740996117192 7.55670690536499 20
1740996141143 5.819201469421387 30
1740996165164 1.5310744047164917 40
1740996189135 0.5675169825553894 50
1740996231599 0.11258580535650253 60
1740996255660 0.05491025745868683 70
1740996279126 0.05284624174237251 80
1740996302574 0.03047172538936138 90
1740996325700 0.030150260776281357 100
1740996366402 0.018880607560276985 110
1740996390875 0.021602172404527664 120
1740996414473 0.016008758917450905 130
1740996437992 0.01577334851026535 140
1740996461996 0.017244135960936546 150
1740996504101 0.014798086136579514 160
1740996532308 0.010423976927995682 170
1740996571091 0.014083286747336388 180
1740996609299 0.0077797118574380875 190
1740996648565 0.007771971169859171 200
1740996700236 0.013494941405951977 210
1740996724324 0.010611453093588352 220
1740996748257 0.009310349822044373 230
1740996772101 0.007314914837479591 240
1740996796355 0.008939966559410095 250
1740996837805 0.009256946854293346 260
1740996862259 0.01148649025708437 270
