1740996092876 1e-05 10
1740996117192 2e-05 20
1740996141143 3e-05 30
1740996165164 4e-05 40
1740996189135 5e-05 50
1740996231599 4.772727272727273e-05 60
1740996255660 4.545454545454546e-05 70
1740996279126 4.318181818181819e-05 80
1740996302574 4.0909090909090915e-05 90
1740996325700 3.8636363636363636e-05 100
1740996366402 3.6363636363636364e-05 110
1740996390875 3.409090909090909e-05 120
1740996414473 3.181818181818182e-05 130
1740996437992 2.954545454545455e-05 140
1740996461996 2.7272727272727273e-05 150
1740996504101 2.5e-05 160
1740996532308 2.272727272727273e-05 170
1740996571091 2.0454545454545457e-05 180
1740996609299 1.8181818181818182e-05 190
1740996648565 1.590909090909091e-05 200
1740996700236 1.3636363636363637e-05 210
1740996724324 1.1363636363636365e-05 220
1740996748257 9.090909090909091e-06 230
1740996772101 6.818181818181818e-06 240
1740996796355 4.5454545454545455e-06 250
1740996837805 2.2727272727272728e-06 260
1740996862259 0.0 270
