1740996092876 0.6801 10
1740996117192 0.4389 20
1740996141143 0.267 30
1740996165164 0.1314 40
1740996189135 0.0513 50
1740996231599 0.0096 60
1740996255660 0.0027 70
1740996279126 0.0015 80
1740996302574 0.0011 90
1740996325700 0.0008 100
1740996366402 0.0007 110
1740996390875 0.0006 120
1740996414473 0.0006 130
1740996437992 0.0005 140
1740996461996 0.0005 150
1740996504101 0.0005 160
1740996532308 0.0004 170
1740996571091 0.0004 180
1740996609299 0.0004 190
1740996648565 0.0003 200
1740996700236 0.0003 210
1740996724324 0.0003 220
1740996748257 0.0003 230
1740996772101 0.0003 240
1740996796355 0.0003 250
1740996837805 0.0003 260
1740996862259 0.0003 270
