1741715647501 0.091324200913242 20
1741715832639 0.182648401826484 40
1741716373498 0.228310502283105 50
1741716472039 0.273972602739726 60
1741716660678 0.365296803652968 80
1741716846346 0.45662100456621 100
1741720672880 0.45662100456621 100
1741720859291 0.547945205479452 120
1741722421909 0.639269406392694 140
1741722656460 0.684931506849315 150
1741722939107 0.730593607305936 160
1741723150282 0.821917808219178 180
1741723358909 0.91324200913242 200
1741723509742 0.91324200913242 200
1741723707902 1.004566210045662 220
1741723896290 1.095890410958904 240
1741724141433 1.1415525114155252 250
1741724241758 1.187214611872146 260
1741724432948 1.278538812785388 280
1741725778977 1.36986301369863 300
1741725915050 1.36986301369863 300
1741726105414 1.461187214611872 320
1741726292849 1.5525114155251143 340
1741728421443 1.5981735159817352 350
1741728451582 1.5981735159817352 350
