1741715647501 13.75277328491211 20
1741715832639 2.9374656677246094 40
1741716472039 0.06942100077867508 60
1741716660678 0.02482302114367485 80
1741716846346 0.04996468126773834 100
1741720859291 0.1993616223335266 120
1741722421909 0.026363085955381393 140
1741722939107 0.010687718167901039 160
1741723150282 0.009837750345468521 180
1741723358909 0.008123716339468956 200
1741723707902 0.008514011278748512 220
1741723896290 0.007481543812900782 240
1741724241758 0.011346532963216305 260
1741724432948 0.009030831977725029 280
1741725778977 0.0068551176227629185 300
1741726105414 0.005798241123557091 320
1741726292849 0.004340848885476589 340
