1741715647501 2e-05 20
1741715832639 4e-05 40
1741716472039 4.9176276771004943e-05 60
1741716660678 4.7528830313014825e-05 80
1741716846346 4.5881383855024714e-05 100
1741720859291 4.4233937397034596e-05 120
1741722421909 4.2586490939044485e-05 140
1741722939107 4.093904448105437e-05 160
1741723150282 3.929159802306425e-05 180
1741723358909 3.764415156507414e-05 200
1741723707902 3.599670510708402e-05 220
1741723896290 3.434925864909391e-05 240
1741724241758 3.270181219110379e-05 260
1741724432948 3.105436573311368e-05 280
1741725778977 2.9406919275123562e-05 300
1741726105414 2.775947281713344e-05 320
1741726292849 2.6112026359143326e-05 340
