1741795139875 0.09090909090909091 20
1741795326284 0.18181818181818182 40
1741795559256 0.22727272727272727 50
1741795659333 0.2727272727272727 60
1741795846433 0.36363636363636365 80
1741796034462 0.45454545454545453 100
1741796175275 0.45454545454545453 100
1741796365931 0.5454545454545454 120
1741796552342 0.6363636363636364 140
1741796787221 0.6818181818181818 150
1741796886417 0.7272727272727273 160
1741797077286 0.8181818181818182 180
1741797265558 0.9090909090909091 200
1741797407371 0.9090909090909091 200
1741797592228 1.0 220
1741797778570 1.0909090909090908 240
1741798015652 1.1363636363636362 250
1741798115402 1.1818181818181819 260
1741798302819 1.2727272727272727 280
1741798488975 1.3636363636363638 300
1741798629261 1.3636363636363638 300
1741798632384 1.3636363636363638 300
