1741795139875 3.942864179611206 20
1741795326284 3.994821310043335 40
1741795659333 0.635066568851471 60
1741795846433 0.46445605158805847 80
1741796034462 11.30986499786377 100
1741796365931 0.02065972052514553 120
1741796552342 0.04660471901297569 140
1741796886417 0.01258428767323494 160
1741797077286 0.007973432540893555 180
1741797265558 0.3781459629535675 200
1741797592228 0.004681279882788658 220
1741797778570 0.004438422154635191 240
1741798115402 0.003979917615652084 260
1741798302819 10.405057907104492 280
1741798488975 0.02858888730406761 300
