1741795139875 2e-05 20
1741795326284 4e-05 40
1741795659333 4.918032786885246e-05 60
1741795846433 4.754098360655738e-05 80
1741796034462 4.59016393442623e-05 100
1741796365931 4.426229508196721e-05 120
1741796552342 4.262295081967213e-05 140
1741796886417 4.098360655737705e-05 160
1741797077286 3.934426229508197e-05 180
1741797265558 3.7704918032786885e-05 200
1741797592228 3.6065573770491806e-05 220
1741797778570 3.442622950819672e-05 240
1741798115402 3.2786885245901635e-05 260
1741798302819 3.114754098360656e-05 280
1741798488975 2.9508196721311478e-05 300
