1740998465264 0.1111111111111111 10
1740998489726 0.2222222222222222 20
1740998514355 0.3333333333333333 30
1740998537440 0.4444444444444444 40
1740998566608 0.5555555555555556 50
1740998582830 0.5555555555555556 50
1741003246796 0.6666666666666666 60
1741003274162 0.7777777777777778 70
1741003307151 0.8888888888888888 80
1741003339485 1.0 90
1741003368776 1.1111111111111112 100
1741003387176 1.1111111111111112 100
1741003418646 1.2222222222222223 110
1741003443682 1.3333333333333333 120
1741003470085 1.4444444444444444 130
1741003497811 1.5555555555555556 140
1741003525351 1.6666666666666665 150
1741003541244 1.6666666666666665 150
1741003573038 1.7777777777777777 160
1741003600756 1.8888888888888888 170
1741003626002 2.0 180
1741003652109 2.111111111111111 190
1741003677118 2.2222222222222223 200
1741003689898 2.2222222222222223 200
1741003720745 2.3333333333333335 210
1741003745529 2.4444444444444446 220
1741003769508 2.5555555555555554 230
1741003793634 2.6666666666666665 240
1741003820001 2.7777777777777777 250
1741003832570 2.7777777777777777 250
1741003862880 2.888888888888889 260
1741003889218 3.0 270
1741003895774 3.0 270
