1740998465264 15.442745208740234 10
1740998489726 18.49430274963379 20
1740998514355 5.069900035858154 30
1740998537440 1.2860208749771118 40
1740998566608 26.356477737426758 50
1741003246796 0.13107547163963318 60
1741003274162 0.044018521904945374 70
1741003307151 0.03277479484677315 80
1741003339485 0.027448851615190506 90
1741003368776 0.022687718272209167 100
1741003418646 0.019436892122030258 110
1741003443682 0.018218468874692917 120
1741003470085 0.016573598608374596 130
1741003497811 0.012923387810587883 140
1741003525351 0.015194151550531387 150
1741003573038 0.013034960255026817 160
1741003600756 0.02192135713994503 170
1741003626002 0.01176996435970068 180
1741003652109 0.01328336913138628 190
1741003677118 0.014592736028134823 200
1741003720745 0.012066495604813099 210
1741003745529 0.007284879684448242 220
1741003769508 0.012742668390274048 230
1741003793634 0.012099825777113438 240
1741003820001 0.007491007447242737 250
1741003862880 0.014848058111965656 260
1741003889218 0.00880782213062048 270
