1740998465264 0.747 10
1740998489726 0.5928 20
1740998514355 0.2975 30
1740998537440 0.1028 40
1740998566608 0.0482 50
1741003246796 0.0055 60
1741003274162 0.0024 70
1741003307151 0.0015 80
1741003339485 0.0012 90
1741003368776 0.0009 100
1741003418646 0.0008 110
1741003443682 0.0007 120
1741003470085 0.0007 130
1741003497811 0.0006 140
1741003525351 0.0006 150
1741003573038 0.0005 160
1741003600756 0.0005 170
1741003626002 0.0005 180
1741003652109 0.0004 190
1741003677118 0.0004 200
1741003720745 0.0004 210
1741003745529 0.0004 220
1741003769508 0.0004 230
1741003793634 0.0004 240
1741003820001 0.0004 250
1741003862880 0.0004 260
1741003889218 0.0004 270
