1741781170586 0.091324200913242 20
1741781353772 0.182648401826484 40
1741781586668 0.228310502283105 50
1741781684837 0.273972602739726 60
1741781869222 0.365296803652968 80
1741782054803 0.45662100456621 100
1741782194101 0.45662100456621 100
1741782382773 0.547945205479452 120
1741782567360 0.639269406392694 140
1741782799184 0.684931506849315 150
1741782897739 0.730593607305936 160
1741783083303 0.821917808219178 180
1741783269966 0.91324200913242 200
1741783412146 0.91324200913242 200
1741783600842 1.004566210045662 220
1741783785641 1.095890410958904 240
1741784019279 1.1415525114155252 250
1741784114787 1.187214611872146 260
1741784301242 1.278538812785388 280
1741784485408 1.36986301369863 300
1741784624842 1.36986301369863 300
1741784812705 1.461187214611872 320
1741784998487 1.5525114155251143 340
1741785229571 1.5981735159817352 350
1741785326167 1.643835616438356 360
1741785509329 1.7351598173515983 380
1741785691588 1.82648401826484 400
1741785831112 1.82648401826484 400
1741786018345 1.9178082191780823 420
1741786196161 2.009132420091324 440
1741786427946 2.0547945205479454 450
1741786524307 2.1004566210045663 460
1741786710192 2.191780821917808 480
1741786895308 2.2831050228310503 500
1741787035144 2.2831050228310503 500
1741787226801 2.374429223744292 520
1741787412489 2.4657534246575343 540
1741787645564 2.5114155251141552 550
1741787740803 2.557077625570776 560
1741787925010 2.6484018264840183 580
1741788108426 2.73972602739726 600
1741788249217 2.73972602739726 600
1741788437014 2.8310502283105023 620
1741788623049 2.922374429223744 640
1741788854966 2.968036529680365 650
1741788858441 2.968036529680365 650
