1741781170586 9.525275230407715 20
1741781353772 2.507519245147705 40
1741781684837 0.9942789077758789 60
1741781869222 17.121665954589844 80
1741782054803 0.08481458574533463 100
1741782382773 0.052458181977272034 120
1741782567360 0.033871714025735855 140
1741782897739 0.06778272986412048 160
1741783083303 0.018568245694041252 180
1741783269966 0.016770051792263985 200
1741783600842 0.015183390118181705 220
1741783785641 0.018494823947548866 240
1741784114787 0.11220970749855042 260
1741784301242 2.713010311126709 280
1741784485408 0.043567050248384476 300
1741784812705 0.020599640905857086 320
1741784998487 6.342331886291504 340
1741785326167 0.021730350330471992 360
1741785509329 0.015340211801230907 380
1741785691588 0.031865812838077545 400
1741786018345 0.012829827144742012 420
1741786196161 0.009804227389395237 440
1741786524307 0.01060109306126833 460
1741786710192 0.026869546622037888 480
1741786895308 0.008155600167810917 500
1741787226801 0.0075722611509263515 520
1741787412489 0.007614120841026306 540
1741787740803 0.006586121395230293 560
1741787925010 0.007849397137761116 580
1741788108426 0.005778140388429165 600
1741788437014 0.006015841383486986 620
1741788623049 0.005313384812325239 640
