1741781170586 2e-05 20
1741781353772 4e-05 40
1741781684837 4.9176276771004943e-05 60
1741781869222 4.7528830313014825e-05 80
1741782054803 4.5881383855024714e-05 100
1741782382773 4.4233937397034596e-05 120
1741782567360 4.2586490939044485e-05 140
1741782897739 4.093904448105437e-05 160
1741783083303 3.929159802306425e-05 180
1741783269966 3.764415156507414e-05 200
1741783600842 3.599670510708402e-05 220
1741783785641 3.434925864909391e-05 240
1741784114787 3.270181219110379e-05 260
1741784301242 3.105436573311368e-05 280
1741784485408 2.9406919275123562e-05 300
1741784812705 2.775947281713344e-05 320
1741784998487 2.6112026359143326e-05 340
1741785326167 2.4464579901153215e-05 360
1741785509329 2.28171334431631e-05 380
1741785691588 2.1169686985172982e-05 400
1741786018345 1.9522240527182868e-05 420
1741786196161 1.7874794069192753e-05 440
1741786524307 1.6227347611202635e-05 460
1741786710192 1.4579901153212522e-05 480
1741786895308 1.2932454695222406e-05 500
1741787226801 1.128500823723229e-05 520
1741787412489 9.637561779242175e-06 540
1741787740803 7.99011532125206e-06 560
1741787925010 6.342668863261944e-06 580
1741788108426 4.695222405271829e-06 600
1741788437014 3.0477759472817134e-06 620
1741788623049 1.4003294892915982e-06 640
