1741781170586 0.6475 20
1741781353772 0.2633 40
1741781684837 0.1419 60
1741781869222 0.085 80
1741782054803 0.0655 100
1741782382773 0.003 120
1741782567360 0.0303 140
1741782897739 0.0345 160
1741783083303 0.0134 180
1741783269966 0.0223 200
1741783600842 0.0047 220
1741783785641 0.0238 240
1741784114787 0.0005 260
1741784301242 0.025 280
1741784485408 0.0272 300
1741784812705 0.0353 320
1741784998487 0.0614 340
1741785326167 0.0329 360
1741785509329 0.0005 380
1741785691588 0.0197 400
1741786018345 0.0062 420
1741786196161 0.0005 440
1741786524307 0.0003 460
1741786710192 0.0003 480
1741786895308 0.001 500
1741787226801 0.0003 520
1741787412489 0.0002 540
1741787740803 0.0002 560
1741787925010 0.0003 580
1741788108426 0.0002 600
1741788437014 0.0002 620
1741788623049 0.0002 640
