1740936270469 0.08849557522123894 10
1740936293789 0.17699115044247787 20
1740936316976 0.26548672566371684 30
1740936890350 0.35398230088495575 40
1740936913638 0.4424778761061947 50
1740936941929 0.5309734513274337 60
1740936966142 0.6194690265486725 70
1740936990413 0.7079646017699115 80
1740937014630 0.7964601769911505 90
1740937038281 0.8849557522123894 100
1740937066068 0.9734513274336283 110
1740937088873 1.0619469026548674 120
1740937112394 1.1504424778761062 130
1740937136044 1.238938053097345 140
1740937159573 1.3274336283185841 150
1740937187884 1.415929203539823 160
1740937212002 1.504424778761062 170
1740937235314 1.592920353982301 180
1740937259002 1.6814159292035398 190
1740937287971 1.7699115044247788 200
1740937317559 1.8584070796460177 210
1740937341989 1.9469026548672566 220
1740937365936 2.0353982300884956 230
1740937389899 2.1238938053097347 240
1740937413744 2.2123893805309733 250
1740941058179 2.3008849557522124 260
1740941083550 2.3893805309734515 270
1740941107609 2.47787610619469 280
1740941129915 2.566371681415929 290
1740941154067 2.6548672566371683 300
1740941184014 2.7433628318584073 310
1740941207696 2.831858407079646 320
1740941231627 2.920353982300885 330
1740941255783 3.0 339
