1740936270469 4.345202445983887 10
1740936293789 3.0604259967803955 20
1740936316976 3.1949970722198486 30
1740936890350 0.4838695228099823 40
1740936913638 0.044760555028915405 50
1740936941929 0.026404164731502533 60
1740936966142 0.008462593890726566 70
1740936990413 0.007770669646561146 80
1740937014630 0.00672353059053421 90
1740937038281 0.004944633226841688 100
1740937066068 0.004438935779035091 110
1740937088873 0.0055459425784647465 120
1740937112394 0.0044556790962815285 130
1740937136044 0.00359019311144948 140
1740937159573 0.004413576330989599 150
1740937187884 0.0035655894316732883 160
1740937212002 0.002894485602155328 170
1740937235314 0.0034558221232146025 180
1740937259002 0.003420780645683408 190
1740937287971 0.0031453624833375216 200
1740937317559 0.0029571750201284885 210
1740937341989 0.002772896084934473 220
1740937365936 0.002481727860867977 230
1740937389899 0.0027614105492830276 240
1740937413744 0.0026043495163321495 250
1740941058179 0.002712906338274479 260
1740941083550 0.003003012854605913 270
1740941107609 0.002482485258951783 280
1740941129915 0.002565735951066017 290
1740941154067 0.0025238352827727795 300
1740941184014 0.0023129575420171022 310
1740941207696 0.0023922931868582964 320
1740941231627 0.0023780851624906063 330
