1740936270469 1e-05 10
1740936293789 2e-05 20
1740936316976 3e-05 30
1740936890350 4e-05 40
1740936913638 5e-05 50
1740936941929 4.826989619377163e-05 60
1740936966142 4.653979238754326e-05 70
1740936990413 4.480968858131488e-05 80
1740937014630 4.307958477508651e-05 90
1740937038281 4.134948096885813e-05 100
1740937066068 3.961937716262976e-05 110
1740937088873 3.788927335640138e-05 120
1740937112394 3.615916955017301e-05 130
1740937136044 3.4429065743944636e-05 140
1740937159573 3.269896193771627e-05 150
1740937187884 3.096885813148789e-05 160
1740937212002 2.9238754325259516e-05 170
1740937235314 2.7508650519031144e-05 180
1740937259002 2.5778546712802772e-05 190
1740937287971 2.4048442906574396e-05 200
1740937317559 2.231833910034602e-05 210
1740937341989 2.058823529411765e-05 220
1740937365936 1.8858131487889273e-05 230
1740937389899 1.7128027681660898e-05 240
1740937413744 1.5397923875432525e-05 250
1740941058179 1.3667820069204155e-05 260
1740941083550 1.193771626297578e-05 270
1740941107609 1.0207612456747406e-05 280
1740941129915 8.477508650519032e-06 290
1740941154067 6.747404844290659e-06 300
1740941184014 5.017301038062284e-06 310
1740941207696 3.2871972318339097e-06 320
1740941231627 1.5570934256055363e-06 330
