1740936270469 0.7638 10
1740936293789 0.6546 20
1740936316976 0.4107 30
1740936890350 0.0881 40
1740936913638 0.009 50
1740936941929 0.0016 60
1740936966142 0.0006 70
1740936990413 0.0004 80
1740937014630 0.0003 90
1740937038281 0.0003 100
1740937066068 0.0002 110
1740937088873 0.0002 120
1740937112394 0.0002 130
1740937136044 0.0002 140
1740937159573 0.0002 150
1740937187884 0.0002 160
1740937212002 0.0002 170
1740937235314 0.0001 180
1740937259002 0.0001 190
1740937287971 0.0001 200
1740937317559 0.0001 210
1740937341989 0.0001 220
1740937365936 0.0001 230
1740937389899 0.0001 240
1740937413744 0.0001 250
1740941058179 0.0001 260
1740941083550 0.0001 270
1740941107609 0.0001 280
1740941129915 0.0001 290
1740941154067 0.0001 300
1740941184014 0.0001 310
1740941207696 0.0001 320
1740941231627 0.0001 330
