1740924668265 0.08849557522123894 10
1740924692560 0.17699115044247787 20
1740924717115 0.26548672566371684 30
1740924740825 0.35398230088495575 40
1740924765217 0.4424778761061947 50
1740924796422 0.5309734513274337 60
1740924820642 0.6194690265486725 70
1740924844766 0.7079646017699115 80
1740924868648 0.7964601769911505 90
1740924892842 0.8849557522123894 100
1740924922193 0.9734513274336283 110
1740924945692 1.0619469026548674 120
1740924970602 1.1504424778761062 130
1740924994711 1.238938053097345 140
1740925018878 1.3274336283185841 150
1740925049099 1.415929203539823 160
1740925074837 1.504424778761062 170
1740925098967 1.592920353982301 180
1740925122941 1.6814159292035398 190
1740925148005 1.7699115044247788 200
1740925177015 1.8584070796460177 210
1740925202356 1.9469026548672566 220
1740925225295 2.0353982300884956 230
1740925445873 2.1238938053097347 240
1740925470533 2.2123893805309733 250
1740925499977 2.3008849557522124 260
1740925524142 2.3893805309734515 270
1740925548455 2.47787610619469 280
1740925572409 2.566371681415929 290
1740925596500 2.6548672566371683 300
1740925625618 2.7433628318584073 310
1740925649945 2.831858407079646 320
1740925674309 2.920353982300885 330
1740925699663 3.0 339
