1740924668265 8.78614616394043 10
1740924692560 13.961909294128418 20
1740924717115 9.339595794677734 30
1740924740825 1.5489287376403809 40
1740924765217 0.11536160111427307 50
1740924796422 9.965965270996094 60
1740924820642 0.023500969633460045 70
1740924844766 0.01281626708805561 80
1740924868648 0.011443651281297207 90
1740924892842 0.009119691327214241 100
1740924922193 0.008304021321237087 110
1740924945692 0.015923356637358665 120
1740924970602 0.00876818597316742 130
1740924994711 0.008310447447001934 140
1740925018878 0.009845352731645107 150
1740925049099 0.00772236380726099 160
1740925074837 0.005627507343888283 170
1740925098967 0.027471687644720078 180
1740925122941 0.006330203264951706 190
1740925148005 0.005358895752578974 200
1740925177015 0.005237675737589598 210
1740925202356 0.004372541327029467 220
1740925225295 0.004671111237257719 230
1740925445873 0.0043204776011407375 240
1740925470533 0.004424622282385826 250
1740925499977 0.004518326837569475 260
1740925524142 0.004591595381498337 270
1740925548455 0.0037397118285298347 280
1740925572409 0.003399176523089409 290
1740925596500 0.004505841992795467 300
1740925625618 0.0037922533228993416 310
1740925649945 0.0038039751816540956 320
1740925674309 0.0037172678858041763 330
