1740924668265 1e-05 10
1740924692560 2e-05 20
1740924717115 3e-05 30
1740924740825 4e-05 40
1740924765217 5e-05 50
1740924796422 4.826989619377163e-05 60
1740924820642 4.653979238754326e-05 70
1740924844766 4.480968858131488e-05 80
1740924868648 4.307958477508651e-05 90
1740924892842 4.134948096885813e-05 100
1740924922193 3.961937716262976e-05 110
1740924945692 3.788927335640138e-05 120
1740924970602 3.615916955017301e-05 130
1740924994711 3.4429065743944636e-05 140
1740925018878 3.269896193771627e-05 150
1740925049099 3.096885813148789e-05 160
1740925074837 2.9238754325259516e-05 170
1740925098967 2.7508650519031144e-05 180
1740925122941 2.5778546712802772e-05 190
1740925148005 2.4048442906574396e-05 200
1740925177015 2.231833910034602e-05 210
1740925202356 2.058823529411765e-05 220
1740925225295 1.8858131487889273e-05 230
1740925445873 1.7128027681660898e-05 240
1740925470533 1.5397923875432525e-05 250
1740925499977 1.3667820069204155e-05 260
1740925524142 1.193771626297578e-05 270
1740925548455 1.0207612456747406e-05 280
1740925572409 8.477508650519032e-06 290
1740925596500 6.747404844290659e-06 300
1740925625618 5.017301038062284e-06 310
1740925649945 3.2871972318339097e-06 320
1740925674309 1.5570934256055363e-06 330
