1740924668265 0.7672 10
1740924692560 0.6369 20
1740924717115 0.4254 30
1740924740825 0.1654 40
1740924765217 0.0175 50
1740924796422 0.0033 60
1740924820642 0.0688 70
1740924844766 0.0006 80
1740924868648 0.0004 90
1740924892842 0.0005 100
1740924922193 0.0021 110
1740924945692 0.0937 120
1740924970602 0.0005 130
1740924994711 0.0003 140
1740925018878 0.0002 150
1740925049099 0.0003 160
1740925074837 0.0002 170
1740925098967 0.0002 180
1740925122941 0.0002 190
1740925148005 0.0002 200
1740925177015 0.0002 210
1740925202356 0.0002 220
1740925225295 0.0002 230
1740925445873 0.0002 240
1740925470533 0.0001 250
1740925499977 0.0002 260
1740925524142 0.0001 270
1740925548455 0.0002 280
1740925572409 0.0001 290
1740925596500 0.0001 300
1740925625618 0.0001 310
1740925649945 0.0001 320
1740925674309 0.0001 330
