1740152727928 1.0526315789473684 10
1740152742387 2.1052631578947367 20
1740152756470 3.1578947368421053 30
1740152772556 4.2105263157894735 40
1740152784265 4.7368421052631575 45
1740152808148 1.0526315789473684 10
1740152823023 2.1052631578947367 20
1740152837973 3.1578947368421053 30
1740152853895 4.2105263157894735 40
1740152865556 4.7368421052631575 45
1740152883184 1.0526315789473684 10
1740152898210 2.1052631578947367 20
1740152912539 3.1578947368421053 30
1740152926486 4.2105263157894735 40
1740152936702 4.7368421052631575 45
1740152953803 1.0526315789473684 10
1740152968923 2.1052631578947367 20
1740152984241 3.1578947368421053 30
1740152998247 4.2105263157894735 40
1740153008406 4.7368421052631575 45
1740153028444 1.0526315789473684 10
1740153044941 2.1052631578947367 20
1740153059278 3.1578947368421053 30
1740153073466 4.2105263157894735 40
1740153083619 4.7368421052631575 45
1740153102847 1.0526315789473684 10
1740153118705 2.1052631578947367 20
1740153134084 3.1578947368421053 30
1740153148985 4.2105263157894735 40
1740153160175 4.7368421052631575 45
1740153181481 0.5263157894736842 10
1740153195913 1.0526315789473684 20
1740153213029 1.5789473684210527 30
1740153227462 2.1052631578947367 40
1740153242353 2.6315789473684212 50
1740153261036 3.1578947368421053 60
1740153276726 3.6842105263157894 70
1740153292387 4.2105263157894735 80
1740153306859 4.7368421052631575 90
1740153317756 5.0 95
