1740152727928 13.854647636413574 10
1740152742387 5.912621021270752 20
1740152756470 2.541443347930908 30
1740152772556 1.8958916664123535 40
1740152808148 7.340437412261963 10
1740152823023 5.796480655670166 20
1740152837973 4.305546283721924 30
1740152853895 2.174995183944702 40
1740152883184 3.4424448013305664 10
1740152898210 9.538021087646484 20
1740152912539 7.500400066375732 30
1740152926486 4.330136775970459 40
1740152953803 6.5069661140441895 10
1740152968923 1.878749132156372 20
1740152984241 0.8197817802429199 30
1740152998247 0.4460579454898834 40
1740153028444 5.0804762840271 10
1740153044941 4.881288051605225 20
1740153059278 2.3632562160491943 30
1740153073466 1.7101316452026367 40
1740153102847 3.5666637420654297 10
1740153118705 4.20208215713501 20
1740153134084 2.70267915725708 30
1740153148985 1.4374936819076538 40
1740153181481 6.733880043029785 10
1740153195913 7.075649738311768 20
1740153213029 7.2765302658081055 30
1740153227462 2.986790657043457 40
1740153242353 2.4979913234710693 50
1740153261036 1.1583447456359863 60
1740153276726 0.5264155268669128 70
1740153292387 0.5545836687088013 80
1740153306859 0.39018163084983826 90
