1740152727928 3.888888888888889e-05 10
1740152742387 2.777777777777778e-05 20
1740152756470 1.6666666666666667e-05 30
1740152772556 5.555555555555556e-06 40
1740152808148 3.888888888888889e-05 10
1740152823023 2.777777777777778e-05 20
1740152837973 1.6666666666666667e-05 30
1740152853895 5.555555555555556e-06 40
1740152883184 3.888888888888889e-05 10
1740152898210 2.777777777777778e-05 20
1740152912539 1.6666666666666667e-05 30
1740152926486 5.555555555555556e-06 40
1740152953803 3.888888888888889e-05 10
1740152968923 2.777777777777778e-05 20
1740152984241 1.6666666666666667e-05 30
1740152998247 5.555555555555556e-06 40
1740153028444 3.888888888888889e-05 10
1740153044941 2.777777777777778e-05 20
1740153059278 1.6666666666666667e-05 30
1740153073466 5.555555555555556e-06 40
1740153102847 3.888888888888889e-05 10
1740153118705 2.777777777777778e-05 20
1740153134084 1.6666666666666667e-05 30
1740153148985 5.555555555555556e-06 40
1740153181481 4.473684210526316e-05 10
1740153195913 3.9473684210526316e-05 20
1740153213029 3.421052631578947e-05 30
1740153227462 2.8947368421052634e-05 40
1740153242353 2.368421052631579e-05 50
1740153261036 1.8421052631578947e-05 60
1740153276726 1.3157894736842106e-05 70
1740153292387 7.894736842105263e-06 80
1740153306859 2.631578947368421e-06 90
