1740152727928 0.8927 10
1740152742387 0.5388 20
1740152756470 0.2751 30
1740152772556 0.1492 40
1740152808148 1.0663 10
1740152823023 0.7257 20
1740152837973 0.4336 30
1740152853895 0.2163 40
1740152883184 1.0964 10
1740152898210 0.8522 20
1740152912539 0.4917 30
1740152926486 0.2867 40
1740152953803 0.8963 10
1740152968923 0.3132 20
1740152984241 0.1008 30
1740152998247 0.04 40
1740153028444 1.0401 10
1740153044941 0.6317 20
1740153059278 0.2772 30
1740153073466 0.1305 40
1740153102847 1.064 10
1740153118705 0.6002 20
1740153134084 0.2528 30
1740153148985 0.1231 40
1740153181481 1.704 10
1740153195913 1.2052 20
1740153213029 0.7549 30
1740153227462 0.4097 40
1740153242353 0.2167 50
1740153261036 0.1171 60
1740153276726 0.0622 70
1740153292387 0.0501 80
1740153306859 0.0375 90
