1741789047040 0.091324200913242 20
1741789231836 0.182648401826484 40
1741789465540 0.228310502283105 50
1741789561532 0.273972602739726 60
1741789745368 0.365296803652968 80
1741789929912 0.45662100456621 100
1741790069585 0.45662100456621 100
1741790258726 0.547945205479452 120
1741790444082 0.639269406392694 140
1741790675756 0.684931506849315 150
1741790772102 0.730593607305936 160
1741790959358 0.821917808219178 180
1741791143145 0.91324200913242 200
1741791286476 0.91324200913242 200
1741791472994 1.004566210045662 220
1741791654542 1.095890410958904 240
1741791885517 1.1415525114155252 250
1741791981620 1.187214611872146 260
1741792166173 1.278538812785388 280
1741792351714 1.36986301369863 300
1741792492088 1.36986301369863 300
1741792686259 1.461187214611872 320
1741792871901 1.5525114155251143 340
1741793104101 1.5981735159817352 350
1741793200974 1.643835616438356 360
1741793388745 1.7351598173515983 380
1741793574706 1.82648401826484 400
1741793715530 1.82648401826484 400
1741793907532 1.9178082191780823 420
1741794093669 2.009132420091324 440
1741794326863 2.0547945205479454 450
1741794427872 2.1004566210045663 460
1741794613225 2.191780821917808 480
1741794800592 2.2831050228310503 500
1741794940989 2.2831050228310503 500
1741794945609 2.2831050228310503 500
