1741789047040 9.875227928161621 20
1741789231836 3.1276490688323975 40
1741789561532 0.21949735283851624 60
1741789745368 0.04224764555692673 80
1741789929912 18.048938751220703 100
1741790258726 0.14332519471645355 120
1741790444082 0.027558691799640656 140
1741790772102 0.01867891661822796 160
1741790959358 0.01464942004531622 180
1741791143145 0.011570165865123272 200
1741791472994 13.251580238342285 220
1741791654542 0.04695800319314003 240
1741791981620 0.012533862143754959 260
1741792166173 0.013108685612678528 280
1741792351714 0.013210183009505272 300
1741792686259 0.010439048521220684 320
1741792871901 0.01116375345736742 340
1741793200974 0.011105663143098354 360
1741793388745 0.02030913718044758 380
1741793574706 0.006616891361773014 400
1741793907532 0.007736934814602137 420
1741794093669 0.008229948580265045 440
1741794427872 0.014386523514986038 460
1741794613225 0.023296087980270386 480
1741794800592 0.013931572437286377 500
