1741789047040 2e-05 20
1741789231836 4e-05 40
1741789561532 4.9176276771004943e-05 60
1741789745368 4.7528830313014825e-05 80
1741789929912 4.5881383855024714e-05 100
1741790258726 4.4233937397034596e-05 120
1741790444082 4.2586490939044485e-05 140
1741790772102 4.093904448105437e-05 160
1741790959358 3.929159802306425e-05 180
1741791143145 3.764415156507414e-05 200
1741791472994 3.599670510708402e-05 220
1741791654542 3.434925864909391e-05 240
1741791981620 3.270181219110379e-05 260
1741792166173 3.105436573311368e-05 280
1741792351714 2.9406919275123562e-05 300
1741792686259 2.775947281713344e-05 320
1741792871901 2.6112026359143326e-05 340
1741793200974 2.4464579901153215e-05 360
1741793388745 2.28171334431631e-05 380
1741793574706 2.1169686985172982e-05 400
1741793907532 1.9522240527182868e-05 420
1741794093669 1.7874794069192753e-05 440
1741794427872 1.6227347611202635e-05 460
1741794613225 1.4579901153212522e-05 480
1741794800592 1.2932454695222406e-05 500
