1741789047040 0.5561 20
1741789231836 0.2028 40
1741789561532 0.0426 60
1741789745368 0.0672 80
1741789929912 0.0873 100
1741790258726 0.0737 120
1741790444082 0.0148 140
1741790772102 0.0008 160
1741790959358 0.0051 180
1741791143145 0.0005 200
1741791472994 0.0806 220
1741791654542 0.0603 240
1741791981620 0.0007 260
1741792166173 0.0253 280
1741792351714 0.0005 300
1741792686259 0.0005 320
1741792871901 0.021 340
1741793200974 0.0004 360
1741793388745 0.0003 380
1741793574706 0.0003 400
1741793907532 0.0274 420
1741794093669 0.0003 440
1741794427872 0.0228 460
1741794613225 0.0006 480
1741794800592 0.0003 500
